875 2919
621 533
608 308
824 229
96 211
595 558
145 33
535 460
379 171
489 484
739 46
711 481
81 814
401 779
183 631
368 279
472 426
629 30
318 336
140 266
837 636
345 9
832 250
813 56
555 423
90 585
658 858
535 480
868 315
519 362
206 99
409 200
854 320
267 624
235 871
363 298
825 651
737 645
353 496
79 85
337 756
193 367
121 762
323 82
507 523
368 270
773 642
78 200
776 719
707 335
639 776
476 828
777 413
227 82
675 541
552 293
572 243
630 500
577 248
557 834
50 729
290 714
399 92
572 98
795 745
689 826
799 309
765 741
213 664
179 181
595 496
98 63
831 307
192 627
232 714
468 157
696 801
531 2
110 138
861 397
738 15
44 233
687 58
194 304
366 57
316 726
387 382
333 859
729 852
347 41
57 617
96 668
502 253
582 70
358 828
364 825
32 766
249 66
474 79
148 794
350 698
258 275
477 413
225 364
334 62
635 79
176 509
69 685
641 338
308 263
127 589
754 339
366 448
98 239
333 265
155 363
234 261
72 120
203 424
539 719
717 51
654 225
358 823
58 816
809 467
208 844
281 10
724 794
780 212
636 561
325 230
73 424
470 288
794 456
397 562
252 71
515 516
809 871
60 447
832 384
460 449
541 296
412 183
839 871
772 695
633 561
828 481
261 507
301 31
746 227
668 782
270 188
788 599
75 702
260 114
815 31
360 457
369 854
168 635
632 373
863 750
122 719
491 208
267 113
233 750
398 350
400 542
772 559
312 720
443 400
870 473
231 529
107 669
275 126
24 457
796 606
393 820
84 856
175 212
360 90
810 814
761 718
777 81
127 211
797 213
592 651
844 564
574 64
260 8
300 538
744 811
780 268
564 481
530 721
659 271
843 500
629 427
244 658
388 799
848 572
164 703
102 712
748 661
547 15
808 834
186 509
868 753
282 709
137 796
601 233
226 639
269 413
1 650
770 291
348 409
96 482
459 646
651 487
524 111
428 814
16 38
450 322
199 696
497 194
502 38
391 636
602 400
106 413
434 843
770 785
271 401
31 812
736 701
801 430
375 58
808 414
147 418
763 150
540 640
283 476
673 33
33 287
1 374
94 437
723 17
10 851
197 661
54 294
202 407
148 370
612 831
576 381
189 517
780 258
48 784
320 303
439 323
624 77
365 858
277 264
797 524
745 235
676 671
269 733
405 436
870 711
742 733
305 64
822 16
843 189
682 623
40 190
296 499
833 713
618 672
707 263
372 40
654 375
72 164
474 53
529 251
20 249
162 105
386 73
332 320
853 776
305 290
149 703
476 667
30 110
684 490
598 222
840 56
161 406
180 118
476 522
463 828
400 249
523 708
747 212
682 598
738 826
812 469
654 382
710 875
487 678
737 772
755 165
832 48
265 255
446 755
229 705
565 359
252 121
146 865
656 442
779 837
632 519
853 28
671 229
305 606
731 461
794 647
608 203
700 673
649 869
321 161
864 570
621 278
824 72
534 109
760 654
477 340
115 61
192 747
726 398
670 395
838 482
604 481
462 406
518 122
150 798
346 643
422 446
467 812
317 546
512 222
845 811
721 2
647 602
669 8
520 702
619 511
413 596
473 103
292 442
419 562
518 226
665 865
776 359
724 850
528 819
32 34
363 7
181 719
293 586
336 875
269 272
767 86
58 714
421 33
495 46
336 792
627 235
122 24
12 596
658 76
457 277
440 240
574 823
223 175
778 239
628 624
575 376
474 102
12 399
287 599
859 690
696 16
207 319
516 685
629 489
149 511
580 376
174 643
570 770
585 390
875 25
520 429
99 214
81 732
153 255
748 179
554 315
619 543
596 801
487 174
14 266
183 657
75 138
462 710
708 301
20 460
340 617
461 283
182 555
368 563
352 183
208 76
99 120
282 117
502 23
824 871
838 669
548 261
752 401
342 854
720 183
223 689
296 841
733 318
116 764
193 711
505 725
470 798
625 800
807 611
846 81
541 145
157 649
712 31
379 332
514 513
511 662
330 110
59 420
647 497
317 441
99 789
69 259
324 746
606 594
805 554
510 288
760 752
542 104
525 16
639 182
307 108
327 330
8 502
384 73
514 548
133 578
80 594
411 663
478 747
726 680
582 237
14 276
255 480
538 79
25 619
687 760
372 598
636 299
380 700
367 212
372 315
552 702
88 266
416 860
625 613
633 575
140 517
794 654
538 656
742 741
66 90
574 202
142 770
848 86
41 662
872 335
125 504
791 619
1 637
182 97
789 199
702 397
613 387
32 601
395 670
442 735
618 442
859 355
653 582
281 63
464 830
478 472
562 207
219 394
391 392
727 310
430 86
107 71
652 742
395 663
530 637
161 486
254 389
438 747
518 474
296 805
232 731
650 361
26 82
825 773
712 154
74 871
870 219
600 855
323 669
414 754
236 457
510 205
93 827
157 639
523 670
873 725
822 272
219 646
494 250
299 591
285 378
805 766
286 205
380 824
735 711
573 723
850 367
189 116
778 358
796 585
238 272
726 359
849 240
299 211
425 10
584 568
640 815
594 686
666 156
686 652
446 298
619 340
565 837
585 452
324 120
573 331
864 29
741 713
101 362
102 360
656 164
107 450
793 845
295 318
133 122
157 528
779 686
193 330
38 169
274 854
187 660
61 776
320 398
302 530
467 132
729 652
857 765
630 107
543 721
43 434
618 329
72 24
570 180
58 87
406 687
189 21
250 478
675 220
770 578
699 649
403 436
315 22
614 398
300 399
488 546
124 331
366 316
715 521
826 636
521 567
815 39
66 610
200 97
807 297
723 499
827 231
302 388
270 365
326 382
76 132
81 855
123 227
711 546
694 788
734 282
771 300
475 558
534 20
547 551
580 625
446 509
492 670
456 455
702 559
461 842
523 557
562 183
302 540
717 735
216 349
472 658
804 200
804 8
792 570
4 443
336 65
546 387
871 735
603 606
34 367
498 288
577 280
427 299
284 336
824 197
218 789
57 295
390 730
475 551
500 549
674 859
493 514
666 65
243 381
743 422
32 7
538 317
399 573
95 842
537 468
494 46
258 824
78 425
223 129
669 282
337 785
339 542
711 206
137 451
875 669
96 728
8 789
46 513
802 694
857 78
708 731
698 519
725 757
441 201
280 660
706 176
83 658
691 540
606 194
294 35
519 83
210 393
17 829
545 554
583 875
468 207
566 234
325 194
255 714
698 402
5 785
595 211
47 196
462 531
860 265
324 409
824 815
331 751
281 264
529 143
347 27
78 594
279 471
655 198
587 660
380 398
715 565
771 871
188 102
513 300
141 547
789 41
805 524
457 67
248 643
765 775
340 264
308 814
402 833
408 146
504 604
730 544
323 449
859 307
588 339
85 449
507 157
839 756
701 413
635 153
428 454
656 412
486 131
527 397
74 116
93 184
599 569
428 597
746 488
603 698
322 759
71 609
147 698
132 337
743 179
700 84
68 505
378 561
382 580
63 764
268 301
52 450
823 232
764 772
740 569
651 315
323 858
406 622
490 380
336 735
334 126
101 337
174 487
175 479
452 141
164 76
221 210
409 726
669 148
835 750
440 775
253 49
223 723
370 133
261 306
482 372
390 661
135 213
71 305
787 512
204 201
774 112
43 134
813 459
598 25
715 377
452 680
222 822
799 450
103 843
380 204
553 838
222 396
389 176
450 501
147 557
37 25
227 108
619 492
770 486
755 19
867 746
707 148
788 646
497 589
129 127
831 255
814 157
601 554
304 43
35 801
853 73
162 457
364 576
308 725
348 316
116 768
745 176
139 308
254 505
753 543
627 180
701 678
522 837
337 70
208 237
845 166
739 703
683 218
259 169
57 680
190 357
874 61
432 24
294 385
36 512
684 302
657 852
451 149
219 324
628 646
776 635
851 468
282 492
818 234
51 447
604 228
626 620
743 36
786 274
366 521
761 663
253 169
537 601
590 205
149 94
315 330
423 549
318 639
332 339
690 73
655 676
807 576
839 93
252 601
349 615
281 818
618 336
492 837
755 428
95 258
850 274
689 144
101 87
138 636
124 408
337 323
732 434
771 97
760 219
264 661
799 529
104 425
278 693
449 345
727 414
782 95
253 19
625 202
272 638
735 720
612 590
602 398
557 518
43 599
390 729
721 605
697 566
130 369
703 742
278 500
748 39
470 304
218 265
734 86
661 222
632 791
196 66
527 112
452 799
378 383
660 599
19 764
521 801
528 549
81 317
686 313
541 671
574 611
141 764
19 3
826 497
25 662
568 349
754 568
868 686
248 826
565 714
782 832
737 158
22 821
350 326
279 222
874 733
703 286
582 811
569 376
770 734
623 480
94 701
460 573
334 175
154 100
247 449
621 692
620 700
363 275
181 312
846 10
395 374
34 727
808 766
435 738
735 461
834 14
747 141
622 412
785 616
273 774
20 675
811 744
481 46
501 829
135 50
249 391
708 666
71 300
823 65
371 278
748 315
255 270
832 305
465 643
428 350
601 116
251 447
218 371
402 577
203 237
311 557
560 101
102 751
768 114
702 479
362 482
840 762
640 60
74 808
795 728
481 749
647 806
304 743
50 135
142 154
218 203
609 327
4 834
357 73
835 117
252 318
52 643
736 724
145 554
334 557
501 4
229 616
520 104
796 609
635 537
699 528
151 864
812 862
743 714
210 370
68 84
215 135
290 58
734 283
37 73
185 848
241 83
207 441
651 392
337 125
156 841
855 471
505 82
272 283
419 531
61 196
561 411
264 442
490 837
459 447
350 290
263 100
124 628
89 65
587 462
787 333
613 574
838 776
769 16
369 31
645 718
166 256
579 188
742 728
587 665
622 695
693 525
311 83
276 556
813 546
78 752
501 475
709 44
594 749
643 255
789 831
667 552
372 210
453 639
271 408
566 653
50 660
727 334
393 732
766 811
792 24
567 416
332 412
157 284
784 656
729 638
446 408
855 104
844 111
441 857
760 857
398 419
192 107
852 380
391 735
322 313
177 599
471 365
399 240
495 753
4 93
523 228
375 650
568 48
308 747
665 831
720 641
229 15
741 858
334 288
693 13
70 869
146 320
113 523
590 447
227 143
635 751
100 708
462 369
430 870
89 258
309 543
402 668
771 870
263 256
814 637
446 358
805 240
47 239
673 677
639 600
788 338
771 177
279 382
317 551
250 506
710 523
35 202
827 651
221 139
77 134
352 70
261 463
851 419
317 664
214 481
821 263
472 821
369 226
828 223
80 671
268 633
144 567
531 504
779 473
121 54
152 251
378 719
159 613
808 34
558 729
854 678
542 413
50 272
177 664
843 213
609 800
149 871
202 527
180 835
324 360
112 637
459 22
691 86
30 595
625 494
650 11
264 834
391 449
543 787
695 66
534 324
739 617
244 179
173 574
130 197
16 76
860 178
128 123
637 64
784 764
197 345
680 370
610 633
229 369
476 408
80 312
723 52
851 235
859 555
467 520
103 302
473 159
2 821
439 445
24 357
544 529
262 820
657 857
159 692
808 16
628 689
257 481
725 719
818 684
359 833
855 860
514 661
80 420
237 101
19 78
51 523
132 666
371 313
407 122
817 781
213 396
731 822
824 265
150 694
444 554
836 687
514 842
556 359
7 496
261 220
340 768
211 75
726 728
505 362
250 856
255 808
518 577
30 526
188 873
101 211
176 246
596 418
588 829
628 303
739 869
518 399
263 800
410 376
605 9
715 386
163 577
276 160
134 535
712 849
361 389
90 589
453 776
807 233
811 551
667 353
667 212
633 305
82 473
545 781
230 161
124 700
235 867
309 286
722 594
501 172
393 787
194 348
633 504
505 765
42 71
398 327
744 522
212 619
625 313
148 325
847 654
557 362
505 574
198 776
417 428
435 61
646 735
636 66
551 361
669 216
178 687
250 544
110 365
863 300
554 800
407 588
213 423
233 870
202 69
719 472
422 744
153 498
541 169
502 682
271 308
404 572
516 643
297 37
575 350
120 234
466 810
621 705
839 85
316 219
679 827
314 150
522 339
260 667
688 769
11 218
86 39
61 832
437 647
348 441
81 591
333 630
248 72
546 755
233 276
768 110
717 389
168 52
23 110
320 869
279 655
838 620
640 40
327 38
272 487
37 681
367 438
350 154
616 705
670 148
359 781
584 341
736 390
274 189
849 665
651 50
730 82
680 205
701 30
670 438
619 448
801 165
398 590
475 328
158 288
715 834
639 601
171 797
173 327
230 312
625 646
346 326
420 670
506 786
96 353
150 217
337 9
447 521
599 156
875 383
585 232
639 37
804 78
199 567
256 582
118 454
466 574
216 789
16 359
556 430
591 610
814 345
687 213
265 828
766 630
430 539
108 447
771 102
351 213
448 833
195 239
840 579
140 596
567 95
532 536
352 632
277 354
170 108
686 6
835 338
342 619
346 813
701 16
295 137
408 286
158 718
359 428
695 865
359 558
38 629
22 659
666 229
226 822
326 501
356 597
205 820
769 770
594 566
21 762
104 651
176 40
488 319
89 602
475 100
39 490
205 435
600 703
508 228
272 746
413 170
594 421
120 634
390 158
730 222
273 314
184 403
687 684
623 284
212 268
714 7
555 732
521 860
117 649
99 782
432 185
490 637
91 412
189 807
153 190
100 147
135 449
470 485
572 322
423 74
722 690
836 233
411 316
531 629
17 338
181 52
109 567
49 223
378 680
307 57
36 601
679 305
20 357
423 168
450 563
293 652
292 644
422 607
49 502
158 872
31 162
697 424
660 804
185 201
61 785
100 404
445 381
103 731
14 153
322 114
22 676
520 648
260 249
283 310
121 34
48 718
68 52
555 686
482 597
359 185
808 819
128 144
644 22
166 342
866 719
722 200
710 593
428 323
328 162
168 118
187 690
334 504
210 391
526 385
786 572
246 187
192 726
691 243
851 41
777 854
273 107
777 733
796 526
505 872
14 386
683 561
814 421
9 514
835 311
49 480
452 558
736 753
59 75
378 153
12 648
420 85
286 834
286 68
576 724
406 26
136 469
749 165
108 401
16 823
870 499
626 807
656 240
519 854
27 711
261 331
223 186
831 849
856 557
452 533
470 257
474 550
590 125
810 98
443 826
635 661
266 874
377 50
549 18
365 689
276 455
645 527
190 222
210 258
709 769
142 710
472 84
570 303
73 717
787 722
184 456
114 569
150 22
388 306
541 276
248 176
227 338
677 244
37 21
865 636
517 283
689 260
424 596
310 271
721 544
578 532
542 534
871 222
359 511
566 253
424 132
499 63
797 636
411 91
267 584
307 26
319 615
510 854
461 402
586 99
397 53
681 768
285 561
103 615
569 154
326 569
239 829
294 440
403 342
499 544
580 799
484 30
871 610
197 489
87 542
40 762
441 632
121 199
710 738
509 440
167 232
798 146
98 794
544 54
343 829
340 662
35 685
641 270
695 694
347 37
535 264
828 419
407 462
708 86
16 270
130 282
132 103
850 182
613 874
742 829
723 596
639 739
788 843
274 400
294 258
830 336
874 592
523 429
32 162
804 477
300 709
704 526
815 597
157 789
633 813
213 862
328 817
161 328
422 370
256 611
134 389
323 249
253 360
823 241
805 582
202 80
863 334
408 751
426 242
376 291
581 47
328 91
846 445
190 783
835 566
449 151
748 781
87 669
203 384
188 865
760 610
445 792
427 373
193 362
874 256
673 619
872 139
271 838
109 679
221 429
35 119
522 128
406 65
687 645
673 737
835 430
747 304
733 680
850 59
323 641
768 842
329 402
113 315
495 79
184 498
405 750
196 173
690 470
763 756
512 335
417 141
734 450
610 683
826 604
398 569
585 755
419 718
432 441
804 276
255 74
862 38
844 533
204 239
352 224
591 17
543 275
31 496
397 368
456 158
2 173
55 597
58 585
279 315
686 745
563 257
375 184
394 489
93 488
316 247
102 38
389 146
212 448
527 710
658 627
109 125
274 671
518 369
371 843
799 198
583 224
586 785
519 146
78 326
741 14
584 455
435 449
479 651
590 872
402 193
268 309
320 661
752 381
241 610
521 104
106 206
53 120
651 53
835 698
840 784
50 875
641 692
436 218
479 585
587 768
492 145
241 332
518 182
369 749
232 580
766 1
34 326
489 654
108 315
238 19
690 112
33 851
152 596
62 826
763 340
11 203
627 718
149 329
814 597
748 23
90 646
713 582
110 246
129 450
297 321
426 209
806 852
583 359
491 151
521 484
177 132
430 651
324 394
307 388
292 262
632 155
335 223
712 670
90 388
55 667
433 98
375 421
765 50
105 705
803 717
841 514
440 485
594 676
455 439
317 492
106 407
375 176
607 801
591 539
151 869
854 317
796 555
690 687
571 396
680 20
738 374
77 818
20 811
424 38
746 47
378 275
858 25
643 354
238 458
661 160
42 721
242 322
761 261
210 517
725 375
750 154
203 558
619 327
638 225
61 831
492 13
58 93
23 226
578 138
263 581
394 123
69 533
661 39
717 230
728 210
341 603
188 25
549 295
811 474
188 84
120 492
235 756
401 178
866 540
228 549
356 15
618 678
69 653
605 843
498 561
738 706
524 427
559 421
44 283
503 388
506 152
859 289
825 702
681 148
865 26
131 247
228 795
815 65
603 369
714 852
310 508
757 850
648 442
614 709
229 191
70 582
714 368
58 508
134 130
743 304
871 721
178 863
875 719
507 418
252 556
664 393
146 647
777 289
389 555
30 791
658 561
412 6
144 454
110 753
769 579
555 804
760 166
245 119
391 18
671 273
839 837
35 60
550 312
572 781
594 648
151 792
598 632
376 723
363 779
109 697
148 703
185 109
108 605
199 310
130 859
758 857
337 403
733 21
716 499
91 137
59 753
266 445
712 816
218 463
539 720
826 654
404 246
227 407
461 304
563 465
464 318
287 859
643 124
105 597
542 291
428 163
213 756
676 649
788 451
235 557
133 754
9 119
190 587
263 371
640 32
751 810
1 746
571 383
403 148
521 601
276 571
20 93
373 52
601 683
343 182
163 225
169 363
115 216
554 39
150 489
280 376
135 127
853 806
450 277
273 100
823 633
32 344
295 814
336 191
248 764
780 442
673 80
285 319
621 197
329 778
857 11
755 460
426 375
686 52
29 826
488 196
184 551
41 303
42 679
86 159
208 195
225 763
155 307
835 126
621 412
291 870
826 359
21 12
495 368
6 848
372 304
376 819
658 57
456 865
627 369
720 189
573 245
117 382
851 450
48 53
640 414
79 65
237 106
376 267
362 623
724 246
84 216
278 731
809 715
832 863
86 224
201 288
756 54
572 134
373 183
11 502
594 72
117 780
777 326
173 128
543 551
486 477
270 671
308 3
309 443
111 596
592 557
833 356
48 443
544 720
127 734
777 109
281 208
797 263
728 509
485 742
803 119
18 430
244 55
774 436
650 853
333 359
634 420
325 828
491 656
775 591
230 490
431 138
435 207
116 453
7 374
318 231
152 155
809 756
115 821
404 757
613 199
409 345
871 313
304 513
711 702
621 391
587 315
806 27
19 311
312 811
78 66
365 805
773 184
296 820
579 572
800 778
532 434
402 503
812 20
9 449
245 859
157 670
507 268
276 380
188 27
338 831
11 562
141 731
221 477
461 590
650 656
62 142
158 566
359 676
270 705
52 828
474 145
662 299
61 485
262 101
875 394
807 525
388 539
762 8
725 132
193 838
50 444
178 73
14 739
570 614
811 646
299 167
796 277
28 735
337 371
399 587
324 15
180 276
327 856
424 275
406 850
9 164
619 175
667 413
665 790
3 300
354 841
76 473
585 681
662 432
771 742
665 367
267 637
433 261
397 279
837 16
108 251
10 793
320 300
84 445
692 60
106 443
309 779
868 607
790 202
60 422
633 604
486 467
137 480
618 30
546 467
630 158
34 872
257 785
518 478
298 433
102 205
69 28
659 545
238 875
44 769
869 651
819 81
235 547
489 764
273 770
839 613
848 309
223 439
44 221
389 481
67 817
263 456
360 111
583 361
841 282
408 635
407 200
104 671
673 175
489 459
698 612
58 842
4 148
704 189
110 816
602 110
468 57
530 76
682 275
518 352
354 714
719 541
236 355
175 178
693 267
555 294
791 601
258 743
314 504
448 212
773 260
624 130
789 222
439 494
242 118
316 737
747 379
13 703
214 607
825 93
498 386
410 259
105 567
621 134
718 800
3 871
188 469
407 594
873 231
331 100
250 22
200 812
750 238
117 72
872 593
49 280
467 137
289 173
397 403
606 435
585 558
369 401
385 596
134 297
835 515
160 852
803 407
368 156
612 621
59 871
409 660
528 532
103 139
522 196
484 644
15 257
125 662
844 100
293 506
213 840
386 418
773 627
546 388
875 141
638 699
388 719
522 38
262 160
359 819
645 72
495 720
110 430
516 418
537 232
535 639
226 740
523 871
598 738
141 24
288 436
2 382
554 819
310 656
421 376
384 210
709 725
285 99
435 875
97 149
178 494
549 205
753 404
715 733
329 106
21 522
335 4
45 786
432 711
345 759
299 318
165 511
185 532
4 819
666 474
188 509
362 117
859 337
240 271
97 480
79 176
281 233
304 134
487 584
683 329
244 480
119 323
618 686
525 850
453 636
738 730
351 380
481 757
667 730
651 241
836 490
106 839
625 158
326 832
499 268
469 397
610 157
329 23
504 816
508 776
145 344
303 253
681 625
801 678
524 233
868 758
180 460
474 372
239 761
93 343
332 7
243 49
260 718
873 426
125 45
163 413
184 427
292 692
442 204
494 848
814 427
252 778
328 864
423 115
730 839
214 348
767 789
382 824
181 760
258 774
99 67
500 163
715 704
127 539
186 43
25 308
151 332
356 617
338 213
11 761
377 177
286 475
535 816
257 857
148 99
101 272
465 734
585 189
770 22
804 153
588 222
20 744
521 600
149 391
482 794
854 692
440 400
119 302
194 726
311 226
419 748
145 814
862 376
735 650
758 372
364 668
444 305
321 268
819 240
639 467
586 102
34 683
805 397
384 428
517 846
848 608
795 548
724 677
377 533
47 433
193 123
550 153
624 254
721 695
518 780
278 682
634 403
780 291
564 464
301 678
417 587
117 381
690 48
263 670
348 551
479 609
332 739
727 656
304 202
732 733
767 179
327 557
311 450
235 291
759 558
300 158
656 398
361 408
270 439
279 273
27 824
84 258
281 415
161 527
314 836
758 326
336 345
392 603
134 826
195 33
347 123
846 516
170 45
389 370
89 769
148 773
96 424
440 128
500 272
195 515
487 58
363 421
328 385
660 703
682 19
244 672
371 88
832 710
53 609
179 55
306 661
37 771
423 302
775 21
340 226
443 837
677 594
605 149
556 230
536 739
24 13
317 782
543 414
106 611
33 449
783 26
125 187
532 282
191 53
437 730
829 147
500 615
796 813
842 475
328 530
534 509
721 109
116 303
373 700
737 201
858 597
770 210
809 360
829 458
406 816
285 845
142 769
110 191
773 211
535 280
20 398
756 475
701 699
353 354
246 290
670 320
468 728
875 872
444 761
625 318
826 706
727 556
391 555
226 318
761 516
226 306
248 358
529 193
69 152
660 330
148 617
579 209
847 94
280 133
686 88
383 3
351 106
278 734
357 814
785 199
253 190
164 4
662 176
481 177
98 845
31 753
377 276
432 558
416 163
554 194
684 132
207 472
282 769
657 640
215 642
346 226
623 700
402 486
760 375
100 309
335 686
526 866
484 737
507 285
108 309
551 501
664 637
114 217
21 822
649 117
815 777
182 520
192 64
846 752
122 216
547 684
142 133
402 334
149 802
132 302
243 238
703 492
763 337
726 839
568 353
601 113
116 848
644 555
297 640
337 467
707 291
290 336
323 640
286 276
489 739
715 419
275 408
756 679
441 305
787 232
835 241
520 493
222 768
351 233
614 75
118 236
171 805
412 808
370 690
422 507
62 824
229 8
572 750
175 204
33 373
569 683
737 58
771 727
665 623
98 459
741 429
427 440
561 831
689 70
786 155
847 816
847 218
238 208
206 651
524 642
801 300
507 408
659 263
491 322
837 11
75 601
167 36
562 92
601 207
395 847
639 94
438 744
493 641
813 365
583 749
639 400
657 257
872 25
734 619
600 143
4 291
711 299
5 630
177 559
661 245
672 817
552 263
165 182
628 50
527 248
39 487
741 334
137 797
814 65
786 803
362 733
163 113
366 310
424 729
242 320
632 712
871 129
549 551
126 439
164 208
134 150
138 662
620 73
413 453
751 556
76 129
763 279
705 461
617 355
233 618
468 716
846 863
758 385
262 645
283 512
468 666
215 453
564 764
402 120
370 558
870 227
597 553
871 190
637 23
259 229
443 311
282 597
357 714
3 773
512 89
307 583
201 86
112 375
614 27
178 821
677 642
90 492
592 593
705 729
188 811
780 103
364 223
578 504
140 616
814 631
357 829
451 741
819 616
270 465
768 384
385 270
77 516
153 422
743 871
318 509
411 112
195 370
271 626
532 107
94 234
814 235
597 729
328 80
551 181
625 157
460 165
7 286
228 556
637 400
604 167
490 333
779 350
118 598
675 385
199 89
505 322
114 230
746 605
818 126
376 725
630 845
741 838
443 434
302 446
374 112
817 660
360 372
687 326
345 704
767 589
823 352
317 208
858 853
90 763
112 190
385 494
120 78
713 530
695 390
240 141
719 410
685 748
9 155
874 106
345 856
59 810
79 71
455 270
789 559
810 868
779 130
329 656
552 520
55 719
46 136
301 587
711 291
414 417
732 164
126 111
572 208
94 291
793 403
248 324
527 189
490 564
313 86
273 535
739 59
614 462
720 296
109 420
507 805
77 187
829 22
596 842
433 871
615 447
674 463
215 486
162 750
114 21
381 688
366 630
21 153
115 361
117 405
652 384
746 551
676 270
492 517
551 435
445 855
573 130
722 466
741 118
299 431
758 318
763 636
637 271
36 615
1 118
440 722
662 269
659 255
194 577
486 515
474 398
56 87
789 459
493 354
205 127
409 476
100 160
446 396
232 163
413 551
654 543
398 51
163 644
369 724
65 581
193 422
229 661
30 606
198 492
473 227
860 793
452 245
756 858
406 788
858 576
127 431
454 149
226 547
764 803
388 291
356 767
88 426
723 80
583 249
289 626
695 373
540 871
703 277
30 70
523 627
598 21
28 504
