1000 9884
945 530
530 640
147 176
811 233
741 120
669 203
651 832
194 237
485 442
595 671
834 957
351 639
484 757
87 440
894 824
290 922
646 487
714 569
252 744
957 131
761 514
977 589
275 10
322 410
930 733
736 832
311 522
421 454
919 331
722 824
706 910
961 241
655 381
558 861
442 582
188 422
687 76
139 746
767 274
202 70
222 157
792 900
687 61
926 799
235 18
329 89
481 118
706 585
836 552
33 845
487 440
170 253
888 311
889 226
767 193
794 87
443 175
209 424
853 1000
676 919
864 415
574 705
724 891
102 51
823 113
382 259
827 114
774 415
315 326
772 670
337 130
637 279
68 118
859 773
508 365
537 9
742 242
798 160
509 496
802 191
254 936
590 6
276 202
538 741
560 117
134 24
564 613
820 527
20 384
90 236
586 681
555 298
302 953
454 660
646 22
869 471
122 556
855 132
432 550
507 806
9 708
899 694
38 806
494 356
521 328
854 452
105 587
475 585
848 237
299 679
982 120
195 598
82 802
541 183
319 569
97 565
4 7
174 691
198 341
312 696
539 267
904 924
714 831
643 377
40 194
330 760
630 251
923 25
800 332
605 439
3 572
957 506
870 517
706 570
800 443
563 561
642 338
44 536
148 268
49 374
486 909
73 120
198 478
366 727
292 222
97 98
597 693
671 850
838 193
811 207
679 947
910 125
887 780
927 117
89 887
908 684
756 249
828 734
331 926
315 501
745 360
68 219
987 295
751 454
36 444
992 479
135 439
357 227
30 155
231 526
513 227
882 386
902 479
315 723
284 514
195 105
513 28
438 287
647 425
11 331
638 814
34 936
307 114
295 380
501 778
321 444
67 176
360 70
712 315
363 793
811 49
359 813
217 876
660 938
590 431
350 944
938 816
83 855
856 597
677 617
713 800
950 567
240 266
275 253
264 106
281 908
946 634
838 564
621 444
826 752
756 881
230 772
621 77
551 358
347 780
515 753
202 188
511 906
627 885
296 185
244 535
424 96
207 415
598 417
412 614
343 818
70 14
335 764
60 16
743 301
505 327
929 371
918 427
831 990
80 973
801 995
932 83
366 755
348 906
741 941
300 805
762 392
712 130
867 719
652 33
487 678
417 353
950 181
793 254
975 738
806 860
483 736
488 842
346 296
701 96
955 907
851 417
341 627
927 796
234 485
842 740
946 986
637 33
955 863
612 353
224 546
686 700
856 787
194 134
121 926
243 287
985 623
602 170
215 749
218 179
368 748
440 233
973 257
942 816
88 731
855 829
164 720
860 661
521 17
905 178
304 979
636 204
433 689
530 353
826 660
702 35
557 503
660 531
592 313
765 882
786 409
64 611
843 200
771 375
165 44
442 675
409 474
326 113
843 345
790 416
923 193
2 202
519 947
757 164
169 331
559 466
766 690
931 859
602 802
538 202
371 311
44 375
67 558
193 895
813 264
715 990
20 760
992 185
296 608
347 506
175 680
831 471
811 556
81 783
63 907
85 847
874 68
361 47
642 862
400 605
171 282
7 176
600 716
486 401
881 945
555 432
573 807
479 616
686 510
409 594
582 703
842 792
609 755
901 725
996 213
181 111
163 556
911 480
760 752
67 136
885 150
682 855
55 32
403 394
820 144
904 421
885 952
959 129
959 414
215 753
697 114
612 123
821 209
844 86
990 704
403 360
333 983
998 971
450 853
956 751
518 674
387 188
563 311
692 209
933 233
777 373
144 822
277 518
421 291
868 774
620 482
171 601
255 73
771 480
187 761
479 259
671 603
187 879
648 203
496 711
153 810
634 437
984 348
625 542
753 545
993 18
97 69
813 263
267 367
486 113
309 984
681 685
420 327
831 871
981 73
154 823
399 633
547 308
451 363
289 516
698 936
36 311
475 369
573 504
329 14
870 90
664 999
629 769
50 550
221 580
897 144
898 587
613 366
172 868
970 574
604 871
72 336
591 411
370 45
557 343
794 955
355 707
545 375
817 490
121 997
524 335
219 304
413 400
701 226
91 890
132 296
617 278
488 350
472 835
734 639
287 755
593 301
522 867
826 733
687 668
284 129
838 600
783 233
695 909
863 63
278 483
1000 727
710 422
658 5
161 571
222 92
23 405
17 486
87 786
210 508
577 492
463 195
710 320
753 739
774 941
209 6
904 763
338 363
283 278
417 792
533 698
454 285
974 612
889 12
546 823
896 682
382 243
645 733
116 443
778 180
942 113
871 53
785 458
129 430
461 849
432 89
51 123
698 844
625 868
858 326
389 432
816 319
194 767
266 208
709 204
432 40
72 31
516 230
963 87
263 253
985 777
927 170
237 588
480 659
391 857
311 930
627 109
17 698
901 668
778 169
82 714
342 376
159 594
793 428
506 625
156 407
413 372
553 905
498 432
739 978
462 803
925 473
855 792
623 300
990 737
556 667
705 887
777 66
48 898
892 259
531 47
535 527
78 866
735 695
857 221
142 255
739 1
619 567
411 234
696 332
292 319
809 979
792 735
136 259
193 342
106 529
514 552
108 71
757 862
776 371
26 382
944 981
338 444
925 910
895 224
292 29
888 658
260 563
671 531
891 537
819 292
913 863
553 240
554 603
439 463
595 269
297 562
425 517
708 944
839 622
399 877
910 652
314 791
611 535
831 814
7 280
875 922
107 417
169 917
220 77
936 806
974 141
704 433
362 797
626 766
975 749
584 214
93 524
702 650
301 575
747 531
271 795
884 344
526 662
673 226
215 895
915 157
661 385
494 178
792 862
206 614
109 78
964 566
125 622
243 543
887 222
372 953
869 649
881 417
900 237
403 335
763 69
691 736
528 5
285 911
916 535
83 975
807 671
810 129
725 114
583 116
861 415
838 557
917 832
282 533
353 180
377 62
162 914
344 817
879 771
735 879
369 674
154 939
760 488
922 59
463 473
858 957
193 967
343 567
325 472
495 1000
44 368
761 19
552 419
970 670
242 569
116 98
353 880
249 583
54 936
419 381
976 622
888 106
962 689
300 40
194 551
893 999
196 105
841 788
811 956
280 4
443 464
446 659
559 902
806 881
769 879
702 678
958 524
228 809
724 694
466 610
842 793
538 574
8 541
502 523
290 327
517 900
938 363
756 758
160 807
603 77
87 340
458 564
848 116
703 62
134 495
54 51
345 158
330 586
892 505
530 198
440 364
652 915
916 956
325 936
999 693
302 607
394 682
605 798
49 743
700 630
661 744
60 405
977 579
49 908
247 801
587 396
382 536
237 267
618 406
207 471
110 353
313 820
244 584
869 855
356 894
901 385
676 477
70 915
403 807
832 243
671 602
249 39
514 387
145 300
684 983
415 212
26 217
279 313
83 424
428 281
488 696
569 717
734 137
75 572
59 147
991 634
351 731
279 430
67 110
951 408
595 434
172 289
340 543
399 714
664 633
974 858
278 733
793 277
124 601
929 306
400 555
299 44
10 294
708 401
505 954
403 176
788 265
699 190
480 648
353 638
997 957
341 697
766 250
971 734
635 685
742 835
472 695
107 824
181 209
347 201
478 69
177 906
968 875
355 687
280 429
952 575
651 767
109 792
693 72
414 619
255 603
420 748
94 479
759 475
262 559
801 191
751 695
754 249
743 839
635 70
139 989
303 166
236 139
674 131
792 597
675 844
469 379
623 606
210 637
905 427
910 148
142 258
718 989
19 565
222 236
151 48
841 438
514 500
884 636
496 661
886 390
338 360
247 728
378 665
917 602
333 964
775 387
614 572
706 939
620 229
322 928
623 174
335 218
796 600
776 638
715 520
338 298
337 450
745 477
396 765
158 835
92 195
850 19
297 913
10 218
417 308
471 121
368 774
276 121
299 168
524 295
963 193
394 204
584 319
383 802
81 112
120 490
785 934
163 534
848 286
85 457
176 411
431 573
489 612
915 128
152 573
368 627
902 142
191 221
893 467
697 56
626 238
899 660
536 250
137 145
545 124
217 995
627 680
868 134
743 794
925 329
907 962
527 53
843 960
881 21
910 86
535 639
632 944
505 250
503 387
127 279
166 337
969 135
345 174
653 801
412 753
822 888
236 397
143 579
974 679
95 346
264 424
377 33
710 173
987 493
837 600
59 509
73 137
625 596
878 774
917 638
975 168
758 808
390 534
747 57
250 499
469 851
127 939
516 412
130 243
59 219
432 503
650 637
742 463
870 144
717 941
309 640
690 765
106 500
237 670
2 731
78 118
37 832
471 29
328 789
662 494
385 370
594 496
741 367
355 572
300 363
873 63
980 773
582 593
205 375
846 234
945 747
251 688
132 451
595 535
673 225
712 345
696 702
366 510
574 675
959 151
543 620
234 382
555 18
518 410
638 269
613 279
530 460
536 837
856 674
284 91
307 234
435 33
934 5
277 782
186 821
852 918
972 351
893 103
353 489
26 433
668 96
781 319
782 1000
342 547
477 840
683 549
448 114
567 643
625 278
37 224
239 995
459 594
320 924
448 225
876 161
143 980
19 730
573 159
739 363
149 169
374 658
211 51
763 750
729 562
992 317
609 196
884 842
300 779
46 943
345 918
92 101
167 629
685 248
334 478
157 575
693 669
965 152
659 805
497 588
814 855
428 246
357 168
116 769
500 736
447 443
337 995
592 558
166 494
890 975
963 153
929 281
12 731
756 320
869 95
467 995
152 245
324 724
180 303
536 20
208 69
564 418
837 914
930 276
381 630
517 788
850 543
523 244
484 865
432 652
968 558
933 548
800 607
989 1000
608 621
872 138
937 161
677 559
130 930
359 54
786 606
235 715
454 875
147 881
277 802
959 205
423 548
225 19
605 654
769 862
141 849
248 541
40 494
514 638
515 715
829 55
758 455
10 897
482 834
305 763
508 966
731 797
509 534
250 454
882 16
724 450
362 156
390 591
433 232
676 188
934 636
611 961
945 149
429 124
969 31
330 451
921 220
595 437
577 578
672 954
214 877
231 769
842 358
737 132
761 50
7 496
249 610
953 604
111 844
537 413
595 147
854 940
436 247
838 832
860 245
863 822
774 301
817 270
964 75
858 466
786 807
328 813
864 879
389 338
483 395
124 431
108 868
489 766
931 403
777 21
726 436
979 49
33 89
177 318
972 844
275 4
367 874
685 561
217 789
548 767
751 976
833 419
946 706
674 821
455 132
94 476
475 586
540 814
632 695
118 454
40 536
332 288
928 39
123 429
587 474
970 430
808 541
113 343
824 125
776 123
316 812
932 486
835 536
468 983
568 509
611 33
430 961
45 571
763 362
725 280
114 357
448 186
913 992
495 732
796 955
230 347
107 44
953 956
770 794
790 217
115 553
316 336
580 741
693 898
527 682
641 623
839 900
589 881
366 730
165 597
439 26
131 861
561 272
706 987
842 267
827 181
240 617
850 238
709 191
708 359
139 36
12 302
327 827
510 375
668 917
803 410
769 30
722 214
299 171
870 422
746 208
765 84
513 167
52 481
159 463
570 98
874 798
707 199
279 998
90 207
842 862
908 228
105 266
15 532
588 465
882 242
20 357
26 998
595 747
119 249
87 287
473 415
129 699
947 643
472 801
164 703
592 50
954 569
481 533
725 378
410 641
1000 279
679 345
352 806
830 223
388 438
249 418
736 924
251 493
325 942
680 691
933 175
973 862
82 351
482 155
100 734
250 175
362 421
689 532
248 452
801 646
786 338
683 742
966 75
553 246
205 955
150 4
505 309
233 323
34 404
41 580
81 919
723 32
693 696
451 293
604 485
2 433
538 919
802 43
57 785
157 459
908 261
451 178
849 915
551 703
1 103
366 835
8 773
334 157
7 73
798 364
694 141
189 843
264 638
651 122
83 295
626 990
205 33
777 928
708 228
281 561
491 231
11 360
929 237
52 372
471 354
829 908
665 731
33 420
63 84
29 68
414 902
453 932
916 332
100 47
63 421
764 22
488 265
609 807
670 358
288 32
477 564
597 355
890 479
564 156
32 37
89 52
878 372
757 621
646 398
320 352
507 423
360 609
993 441
97 626
939 545
762 900
635 510
66 911
808 356
701 231
630 183
151 10
132 354
753 422
338 414
61 580
47 442
654 342
224 345
410 162
823 474
22 127
633 92
151 345
562 96
376 499
728 840
178 281
876 320
862 759
730 917
719 138
903 307
407 544
690 444
304 207
931 954
419 238
215 735
205 461
79 152
304 94
582 257
196 452
326 579
419 383
439 864
794 857
760 55
48 83
266 150
747 467
414 38
825 637
186 449
774 326
722 15
831 435
997 903
150 240
289 968
162 54
703 757
815 911
195 34
323 249
513 759
976 797
850 762
46 783
379 318
608 456
332 200
467 851
86 955
587 578
588 281
971 483
437 259
811 122
782 393
327 406
815 451
856 528
907 956
341 72
471 981
113 217
921 151
100 801
400 421
499 447
791 683
408 944
557 837
772 270
230 963
981 9
346 528
477 826
278 437
406 382
890 213
461 785
14 371
473 915
58 803
767 650
153 525
649 944
135 741
134 952
467 237
839 893
602 18
987 402
768 408
87 589
430 82
303 704
218 1000
438 937
847 263
78 825
671 725
968 443
676 189
70 228
966 730
22 27
150 204
444 489
546 641
325 442
818 365
572 860
385 110
775 857
867 776
870 89
297 59
525 370
393 264
894 83
516 651
902 356
742 103
889 945
910 883
125 127
862 924
646 857
404 188
996 406
530 830
180 763
788 506
113 552
935 373
738 777
354 818
815 931
870 266
324 430
664 55
561 913
741 272
915 870
789 641
613 77
389 691
63 108
543 662
401 429
841 807
494 360
976 39
761 855
315 887
265 398
639 850
626 91
590 454
891 69
412 90
195 602
329 684
276 118
338 802
307 37
934 66
408 908
830 179
174 695
638 856
532 537
575 709
49 575
808 344
877 285
405 881
75 879
338 471
228 820
827 334
790 367
761 237
62 714
128 680
71 392
202 457
936 152
979 147
671 713
139 488
359 141
269 869
932 59
491 797
148 522
831 823
46 425
746 274
642 924
662 119
704 313
577 557
10 486
942 231
456 369
185 628
633 55
283 381
393 583
999 291
488 963
201 482
592 315
332 588
793 230
390 116
121 571
91 415
788 303
585 452
671 283
198 956
806 703
988 822
76 472
774 153
834 684
119 474
357 449
530 693
896 55
668 555
725 950
103 818
878 931
608 496
937 734
919 858
557 772
449 276
450 71
824 200
899 662
845 334
365 233
57 840
97 651
938 67
367 623
954 822
982 408
345 69
626 462
593 671
445 34
49 889
71 395
211 796
956 658
908 525
982 378
855 744
36 720
476 527
437 831
443 702
631 897
66 987
808 280
3 54
459 680
321 655
567 558
325 207
199 682
830 536
676 358
879 857
914 559
314 675
558 134
49 406
828 408
386 359
619 5
1 462
858 938
244 476
337 300
779 341
102 108
638 178
291 543
438 34
315 277
36 426
261 788
620 632
608 80
349 526
617 638
742 47
928 855
360 377
254 917
962 586
580 45
581 756
855 501
713 388
254 996
366 162
616 2
23 252
655 898
118 566
733 586
590 237
369 479
142 866
806 389
667 971
717 214
60 831
529 779
725 331
124 182
694 718
113 931
260 440
905 37
462 770
801 244
285 795
308 428
476 862
677 227
757 763
260 79
557 719
209 609
174 525
506 485
861 685
881 55
369 795
756 806
763 55
937 246
611 491
172 477
840 967
574 332
591 962
990 28
866 22
848 757
338 415
546 920
601 291
163 344
71 451
421 795
875 93
544 793
469 644
572 91
426 240
383 519
325 984
965 100
944 504
14 976
628 290
171 995
712 733
658 671
309 625
404 795
292 748
101 511
229 266
314 8
759 878
182 3
241 581
977 329
797 766
634 960
564 799
158 40
949 803
879 422
167 810
719 713
65 672
945 644
313 50
850 763
682 439
86 841
413 23
497 142
596 910
915 531
209 274
172 930
449 291
622 222
280 53
203 892
521 343
561 598
212 518
708 899
267 719
252 910
475 608
919 755
777 14
910 498
260 846
331 97
485 938
339 618
317 171
915 265
916 566
762 822
501 258
943 479
196 816
473 946
189 273
616 312
598 259
231 494
143 532
810 275
166 415
349 144
386 922
425 672
687 56
572 537
362 269
163 372
899 72
794 190
995 531
505 259
987 643
164 106
365 791
560 607
98 754
406 187
616 875
486 117
948 810
166 859
633 232
210 107
905 985
656 81
250 225
510 206
771 928
115 794
461 826
278 720
854 819
746 984
737 267
119 723
929 473
180 597
915 538
483 572
798 165
945 855
413 217
955 496
439 613
582 671
971 672
533 425
497 217
155 959
60 933
346 14
882 204
185 388
919 817
406 876
39 782
947 568
161 499
18 284
113 922
522 924
850 513
599 158
656 842
768 308
364 813
717 879
989 970
114 260
308 206
373 521
501 452
63 333
247 224
226 829
983 509
562 899
979 214
563 486
442 773
251 451
690 360
661 890
5 742
841 217
518 34
818 970
122 463
144 165
877 429
130 456
539 44
312 83
376 334
446 874
434 850
550 364
926 911
908 174
512 847
88 597
182 399
885 196
872 829
248 247
328 143
36 192
755 744
511 422
704 314
353 844
192 462
361 457
324 219
235 416
296 572
336 761
906 701
580 276
28 915
12 296
898 265
457 591
629 993
902 321
671 12
693 580
215 128
971 878
474 266
582 979
379 411
662 432
483 425
101 122
530 690
824 491
428 302
510 96
204 373
8 728
688 170
301 761
214 186
747 943
953 58
536 78
973 135
976 117
902 141
65 906
734 607
229 515
748 649
285 133
983 338
536 253
994 521
207 852
78 580
428 659
342 201
604 532
74 571
181 837
123 474
821 789
165 209
251 234
886 805
616 201
883 400
249 416
86 317
626 350
277 856
353 450
192 832
688 837
49 969
260 49
434 133
914 786
291 532
787 891
740 697
743 586
768 533
340 47
676 385
131 506
911 730
352 757
544 243
503 674
16 444
658 775
326 153
758 188
942 439
176 562
374 693
984 361
109 696
476 221
205 953
956 215
79 96
80 962
192 268
836 621
178 371
70 301
770 111
807 962
184 992
439 120
903 457
893 765
659 925
974 870
81 917
467 561
267 56
395 79
343 269
754 12
73 377
152 994
903 239
949 605
881 831
96 165
638 109
418 134
516 979
228 817
945 671
323 31
814 890
879 498
416 282
163 567
972 775
513 797
207 955
411 654
79 523
952 410
795 548
541 88
872 701
564 239
749 420
640 311
324 800
53 366
666 527
95 999
743 827
544 339
249 467
677 409
863 482
302 438
32 150
400 458
364 27
626 322
339 861
924 405
605 728
703 596
890 932
151 4
778 894
213 827
839 216
896 178
390 983
818 914
687 425
663 30
353 57
300 992
602 956
514 298
170 800
586 104
895 486
537 801
267 924
429 422
512 934
938 510
362 91
699 456
791 944
756 143
507 749
318 998
870 179
229 265
853 847
486 168
785 551
861 468
93 842
665 121
150 499
776 830
870 2
949 945
456 250
348 312
423 302
547 970
461 350
936 408
647 95
564 655
466 606
530 875
162 167
831 147
699 997
919 812
422 332
596 911
209 273
726 286
375 164
730 981
94 596
170 140
998 416
13 754
507 197
556 712
557 673
907 958
378 346
180 212
454 991
920 515
208 757
449 372
174 558
191 500
568 117
736 983
346 623
972 239
901 928
943 478
196 817
878 641
679 496
807 703
630 358
960 286
563 171
526 93
433 434
977 219
843 235
457 308
467 239
567 736
707 14
951 577
623 804
827 607
494 1000
761 215
652 418
157 988
50 12
747 103
415 260
832 941
460 934
369 925
819 352
657 397
822 577
239 561
754 887
64 271
488 715
903 565
662 557
790 987
520 530
405 496
281 2
804 170
422 861
64 557
963 459
747 288
602 142
935 529
784 37
459 435
461 906
957 773
851 382
245 531
180 598
755 986
144 388
223 656
281 461
465 88
708 44
466 947
929 329
825 776
110 258
664 138
186 338
375 874
105 130
267 959
781 291
695 343
256 140
391 534
456 475
398 342
79 252
275 897
535 869
354 530
462 601
247 477
284 329
574 894
479 254
462 968
194 122
493 974
475 591
21 983
479 15
118 453
962 119
105 734
457 785
665 860
928 58
621 99
844 454
813 785
575 374
781 499
984 193
678 69
619 763
402 320
331 362
740 533
635 4
28 441
491 241
311 266
740 996
942 408
207 669
879 839
165 195
419 74
816 470
798 516
215 460
236 617
789 269
710 666
858 736
606 694
22 263
651 373
998 12
56 649
864 32
457 590
99 813
587 495
334 132
390 106
451 104
659 719
664 887
439 987
744 421
328 844
612 740
24 69
725 963
38 847
267 987
252 251
779 31
312 192
85 892
793 439
579 386
185 423
422 404
26 997
902 130
213 369
821 114
790 995
113 901
185 272
756 148
61 701
652 960
856 603
13 570
264 709
645 53
497 439
599 274
289 419
806 200
627 605
29 874
613 722
173 837
763 45
800 17
817 981
568 45
435 118
151 882
208 588
250 59
913 167
917 823
26 456
669 610
946 297
319 95
299 837
838 490
514 468
933 398
918 306
919 111
776 455
14 587
92 383
273 435
349 72
761 120
942 39
28 675
819 344
892 930
89 955
454 789
440 887
336 952
793 312
10 521
102 147
768 629
396 270
325 368
862 681
205 666
524 18
49 118
267 59
859 677
59 957
997 799
780 891
214 539
965 305
949 604
418 20
475 45
681 906
793 192
408 98
483 742
251 514
547 977
289 801
271 753
609 376
333 24
209 10
690 987
388 495
179 42
618 410
742 783
780 552
855 100
574 562
950 344
57 31
609 602
638 736
906 146
263 531
546 109
638 735
879 211
862 489
540 627
647 681
688 294
981 687
543 616
782 432
968 536
886 612
118 402
38 243
277 921
960 533
907 994
637 823
912 551
855 537
806 71
661 832
649 776
647 877
818 689
192 988
100 765
179 198
992 627
151 302
37 477
121 91
728 45
1000 818
162 943
184 671
157 813
169 333
623 149
814 159
799 386
71 568
54 528
53 963
240 726
888 290
612 390
396 419
845 652
917 271
934 679
352 390
98 607
615 998
541 991
159 76
437 949
275 963
719 4
421 833
6 945
867 785
797 986
46 342
908 341
197 810
881 841
738 368
76 685
78 39
261 525
153 396
543 123
885 207
33 742
585 433
180 627
896 292
93 762
556 246
719 858
685 918
462 305
224 742
842 233
64 799
396 886
219 445
55 723
556 20
59 532
498 76
383 715
121 979
844 847
414 854
734 875
788 199
238 122
60 878
901 352
483 369
859 250
327 320
336 157
427 374
526 998
679 933
682 224
445 134
872 142
321 152
913 444
821 219
90 343
808 662
346 765
355 105
139 948
768 551
605 793
9 466
790 757
919 607
386 711
668 209
87 663
127 346
60 257
463 836
981 135
965 514
160 343
839 233
587 16
53 660
504 656
934 775
973 867
473 176
250 226
527 956
59 456
792 907
995 644
203 107
446 844
533 672
910 822
956 41
261 941
723 782
135 900
305 985
932 2
805 796
333 996
853 512
141 388
783 885
352 11
794 94
867 700
407 577
176 985
283 991
675 497
125 282
951 4
20 666
239 278
483 832
599 630
323 811
987 464
436 586
457 593
884 66
717 782
68 125
604 95
141 759
608 26
402 569
837 361
59 850
741 338
564 765
67 447
508 219
220 711
447 40
698 225
417 13
869 79
276 823
423 128
449 269
68 561
535 771
845 423
593 406
925 463
360 783
325 933
610 691
699 750
646 299
746 149
229 595
412 85
189 165
389 931
57 659
431 88
568 18
364 973
492 26
306 882
616 382
209 824
212 361
909 317
86 390
752 366
94 141
739 120
929 556
285 660
439 562
619 879
800 323
505 451
914 439
18 640
112 235
378 674
549 217
273 470
998 263
317 517
853 691
656 145
675 655
912 43
917 726
205 612
944 827
906 601
83 345
654 559
968 246
667 928
106 10
73 323
92 41
305 304
327 823
272 455
779 8
656 349
361 233
220 308
560 185
626 950
932 585
239 121
186 375
798 22
54 293
57 2
534 636
683 338
464 12
525 855
712 290
507 430
74 839
695 555
856 860
336 214
713 263
302 847
32 319
910 654
512 201
971 428
440 212
320 863
281 996
919 798
492 344
26 644
209 634
925 324
782 247
52 976
276 664
777 469
62 169
504 741
530 135
92 820
134 869
70 871
408 794
342 5
197 352
731 808
793 702
258 228
39 937
353 162
406 404
173 503
885 32
107 127
1 526
294 506
679 665
870 984
67 797
395 786
378 710
839 983
878 779
990 321
166 647
546 853
432 285
634 358
687 464
11 851
513 437
35 89
54 855
898 201
422 779
556 800
29 619
996 837
784 224
34 259
384 453
537 424
168 581
44 168
375 670
861 383
759 820
558 321
784 398
275 757
300 352
673 922
730 733
177 747
396 851
988 789
275 354
629 741
484 20
491 920
894 731
881 744
965 41
890 662
863 124
446 168
963 990
815 575
252 399
34 822
932 835
510 851
860 765
78 663
494 295
669 1
137 176
694 466
798 703
178 540
341 176
208 779
271 297
679 377
496 22
938 949
174 643
524 24
238 522
957 232
711 57
861 588
421 443
739 432
340 585
460 663
250 207
69 393
843 350
700 317
478 311
780 325
526 353
433 374
785 217
605 504
309 811
169 332
260 541
598 567
724 906
861 159
878 807
847 476
248 194
785 507
741 970
175 850
252 126
482 767
778 613
732 771
353 650
379 758
846 446
872 533
466 826
305 376
641 486
276 507
736 36
262 110
779 80
393 749
395 331
822 86
367 127
43 349
926 16
103 657
640 169
904 477
225 892
505 837
925 121
88 608
893 293
808 889
207 921
578 287
299 290
82 942
214 83
215 654
440 140
938 119
961 318
688 594
427 390
178 512
289 956
971 197
645 12
204 236
152 943
515 763
341 453
877 19
420 980
717 938
900 94
353 415
27 218
209 723
216 145
369 917
813 956
134 813
447 451
781 350
625 164
933 99
972 463
838 416
508 963
687 197
191 906
710 238
839 782
729 147
588 526
277 481
961 900
980 160
509 344
701 858
724 173
248 222
638 495
875 971
588 882
40 298
3 446
206 347
279 533
762 459
250 679
659 983
605 111
537 503
556 437
822 195
206 202
262 296
690 303
283 847
34 331
915 686
177 564
30 167
529 516
713 359
128 187
441 164
298 743
745 150
85 733
765 75
750 737
664 140
3 890
392 463
870 270
466 576
323 217
396 795
574 514
497 222
794 898
307 621
894 610
273 734
918 564
873 140
427 341
990 524
458 421
954 558
593 294
21 981
226 841
587 320
289 195
648 220
425 197
298 349
448 354
854 190
969 896
973 548
740 305
491 469
496 429
773 861
5 739
675 963
112 157
403 984
238 195
504 791
468 178
435 427
170 964
500 323
348 783
844 900
3 252
887 998
656 146
675 654
72 978
264 648
220 241
75 734
349 403
762 380
819 751
932 438
520 560
315 412
976 669
828 726
576 359
297 778
10 373
998 2
11 20
968 497
378 491
271 622
370 835
872 621
286 41
7 590
948 805
243 204
794 708
941 371
465 186
328 846
59 750
479 937
564 577
797 247
132 469
868 991
834 731
308 511
48 716
570 918
678 584
698 378
318 75
306 392
590 439
962 38
377 638
857 260
986 160
973 486
186 936
122 810
32 30
532 475
347 663
875 95
580 944
706 82
528 862
284 252
783 202
752 316
454 180
285 985
208 590
191 671
168 414
277 726
887 311
175 235
602 645
398 910
105 680
445 369
877 398
899 116
518 745
574 438
226 256
689 920
304 506
490 413
771 78
149 750
899 936
923 283
32 696
474 937
435 677
275 824
862 284
735 534
574 106
101 630
504 384
234 41
16 236
718 511
663 330
991 969
704 281
953 558
366 981
897 55
43 483
162 47
812 53
928 730
953 377
755 5
683 288
125 107
16 711
941 633
29 95
485 397
250 44
548 685
401 472
761 930
868 66
855 836
180 76
57 255
955 786
351 485
930 492
221 921
717 820
68 944
853 212
820 3
852 924
264 157
782 67
549 860
644 96
256 801
668 126
123 729
948 286
442 683
114 956
79 690
136 294
523 946
467 212
987 925
967 355
127 134
18 694
610 188
519 992
23 75
505 506
639 315
756 290
59 287
280 544
482 922
876 302
145 714
255 179
628 703
24 549
903 409
944 726
620 811
508 525
89 917
988 263
956 357
543 396
103 204
185 583
239 508
885 298
154 842
263 28
362 507
894 56
35 467
237 915
266 147
965 275
168 689
228 833
727 377
822 87
536 380
59 697
253 59
169 281
489 260
4 577
920 74
793 508
150 835
744 377
416 313
513 973
289 7
493 197
829 939
61 513
924 897
655 787
512 3
200 559
241 133
726 140
86 47
935 144
744 955
200 459
268 530
109 168
612 304
394 804
622 798
697 709
754 430
958 316
407 46
583 81
434 72
911 750
896 952
571 742
136 593
874 605
377 227
552 217
364 431
738 252
671 720
654 422
69 142
399 829
241 985
457 228
783 411
760 267
357 899
742 318
375 76
690 349
486 248
953 757
917 402
873 334
323 813
440 527
457 599
684 274
381 46
750 631
953 471
433 473
607 838
629 954
452 365
510 575
833 746
445 740
17 805
294 459
68 684
935 86
494 130
265 32
484 956
560 559
90 23
493 58
924 788
356 374
753 206
256 604
683 167
118 472
474 552
502 955
527 478
490 851
333 526
347 650
460 363
227 112
450 689
143 342
347 827
991 114
890 131
827 670
243 663
791 827
98 110
709 606
178 150
344 210
17 341
681 53
900 337
938 684
98 449
500 477
743 435
304 576
69 320
487 241
36 927
607 192
754 692
994 135
776 302
139 414
800 436
554 623
650 878
580 739
671 692
249 949
984 256
359 136
914 599
358 387
569 775
325 409
567 213
555 820
992 138
300 201
103 276
231 803
288 981
953 529
935 929
936 961
993 784
315 268
746 56
340 937
513 329
36 418
868 619
461 939
297 922
559 982
408 896
395 261
234 359
452 306
898 436
718 45
188 710
59 880
479 539
137 556
877 628
555 496
299 62
708 146
176 259
752 994
894 701
794 348
842 856
63 62
273 552
388 783
725 546
835 190
291 207
285 129
894 927
532 134
554 346
833 385
562 833
199 204
248 782
925 322
378 145
833 163
602 352
216 219
288 248
806 94
826 872
818 838
593 580
78 917
463 905
709 929
378 115
469 280
326 499
53 601
2 477
65 379
173 620
397 156
828 192
829 121
960 456
396 84
250 161
914 409
697 991
628 565
900 708
957 277
120 772
283 714
340 265
417 828
70 150
245 842
166 398
405 339
723 200
649 685
687 365
598 664
400 829
241 993
239 618
130 202
97 389
280 739
489 211
555 784
810 779
25 81
872 940
154 887
449 877
162 330
219 775
770 397
957 985
769 195
272 549
37 875
21 118
116 820
539 636
556 156
890 946
569 735
682 582
699 876
299 26
542 234
121 820
730 842
877 745
270 425
328 762
973 214
920 926
663 894
299 427
856 796
51 570
751 929
953 90
113 981
226 556
787 479
237 108
863 712
207 162
972 818
647 571
687 638
561 702
670 360
325 729
459 15
646 497
209 612
485 767
123 17
839 985
41 460
173 567
395 709
910 164
777 847
219 362
628 875
807 612
758 498
500 486
501 75
249 162
936 462
981 759
350 352
390 971
616 598
461 531
947 206
89 762
328 414
218 798
710 117
226 504
685 446
776 486
634 422
505 362
503 819
749 567
219 724
553 212
611 938
244 129
740 782
782 559
641 681
573 378
921 201
315 86
923 407
373 468
680 352
242 561
191 239
171 631
776 851
512 553
569 936
896 392
55 409
358 362
289 849
533 47
572 523
521 751
154 668
932 966
102 766
821 356
767 760
988 763
749 930
890 825
289 44
932 786
275 497
322 44
103 881
289 157
697 8
327 317
366 413
391 212
503 28
471 610
38 131
310 676
136 135
771 871
344 298
697 490
768 463
21 800
939 357
562 920
65 144
255 521
670 471
985 39
443 543
995 90
853 88
784 561
711 142
469 367
914 172
130 735
368 126
723 580
80 578
905 439
736 713
557 827
79 657
649 954
887 629
451 790
822 827
17 192
174 545
331 416
886 434
132 75
937 502
823 391
92 691
692 38
171 804
762 247
980 162
505 262
76 927
791 218
28 742
395 173
736 373
214 749
957 575
707 660
979 987
435 781
185 610
712 420
775 855
708 266
12 257
34 329
577 920
119 686
889 955
584 135
289 893
132 733
25 811
817 263
31 261
260 151
555 407
205 18
208 250
281 578
580 98
485 226
997 135
981 514
428 390
746 409
474 196
368 591
111 265
77 937
610 874
427 198
947 575
870 619
233 635
911 152
695 625
899 672
732 25
622 110
90 391
199 235
735 309
94 455
366 296
80 317
351 77
192 714
928 62
861 656
818 741
191 613
572 468
536 674
478 211
245 236
706 366
840 772
326 39
112 159
477 905
216 472
244 948
377 13
602 424
987 964
144 154
5 899
525 204
840 738
196 897
131 821
26 5
871 479
249 948
158 542
236 726
168 334
741 959
888 349
384 358
607 630
700 180
738 483
139 204
789 939
478 841
253 87
530 833
665 53
958 658
154 562
267 241
383 837
859 265
793 153
450 268
243 311
226 325
262 967
621 622
768 88
166 851
533 456
673 732
100 419
229 769
972 879
366 490
424 941
156 380
229 914
985 716
695 597
455 208
755 502
332 413
544 733
542 312
800 823
623 311
420 520
627 688
77 687
99 459
796 419
994 356
958 411
134 713
861 756
627 974
39 580
134 856
185 405
964 927
1 865
588 995
554 159
97 11
903 768
500 387
250 182
364 210
585 51
538 427
191 895
268 392
783 539
217 464
221 488
187 312
499 762
897 679
616 650
452 716
414 831
607 436
149 748
129 272
2 30
3 363
866 772
762 414
49 25
16 238
185 553
183 114
332 648
978 406
608 999
148 266
258 726
689 90
139 292
904 372
785 719
825 618
24 391
136 222
444 892
581 877
323 117
513 197
971 769
78 233
940 252
851 427
986 334
237 952
977 837
938 493
983 47
234 634
312 224
24 212
483 345
891 436
33 26
715 524
609 1
830 305
264 978
851 886
194 15
584 667
108 585
289 353
591 594
754 87
647 570
707 343
70 533
214 875
921 961
95 994
226 783
958 36
857 151
288 150
472 224
808 589
209 756
929 659
105 712
134 836
374 89
361 814
779 334
360 759
273 224
739 437
64 235
338 518
981 336
914 363
130 282
832 224
301 291
283 312
66 680
586 435
895 143
509 433
606 961
74 254
535 95
495 898
991 521
724 148
999 50
968 426
303 523
931 978
417 420
239 393
809 498
594 904
614 335
227 805
945 242
955 57
595 14
429 306
352 997
650 744
188 575
318 634
49 231
712 929
845 891
186 456
241 691
500 744
121 757
124 300
296 290
760 796
263 333
823 910
324 333
418 278
826 139
408 6
868 770
924 620
432 934
52 343
881 649
642 745
113 871
773 273
333 282
86 946
555 217
920 874
464 358
906 261
983 273
679 56
241 20
114 282
467 694
817 823
415 830
17 379
933 957
801 805
368 401
223 29
506 3
288 178
821 840
421 122
278 477
168 646
227 423
28 140
726 991
469 366
531 223
790 632
693 393
264 581
806 369
613 615
959 591
230 597
729 90
373 52
605 567
74 417
992 676
739 465
761 361
726 697
123 596
495 704
296 10
518 853
761 218
525 167
305 844
804 354
309 780
936 58
677 165
944 613
374 758
106 880
343 637
76 920
849 664
249 776
214 778
402 453
14 950
474 623
889 650
183 5
184 925
22 397
49 33
858 777
839 702
515 284
573 526
657 102
82 43
871 233
908 373
327 847
864 25
799 598
258 651
73 645
916 207
475 105
992 445
614 36
15 643
312 442
976 770
186 351
629 553
48 272
342 362
767 671
146 577
177 474
989 689
538 539
66 360
980 948
803 597
937 747
756 723
655 881
911 155
660 921
819 502
118 431
745 768
274 612
983 309
754 159
94 452
842 61
798 762
51 275
246 562
967 118
806 48
972 264
408 915
264 343
448 404
411 24
140 506
895 912
930 756
882 541
921 731
443 683
889 335
62 403
815 179
818 885
196 929
801 513
485 1000
970 136
972 494
613 721
429 805
691 110
948 583
31 819
408 544
425 646
925 849
110 901
98 289
795 333
779 576
13 681
552 70
515 90
827 860
240 530
538 153
6 595
558 220
997 516
658 590
326 992
41 592
282 330
712 795
715 912
572 895
422 882
776 876
45 153
286 157
841 169
381 1
759 812
633 488
997 887
559 976
926 333
80 202
395 263
324 487
197 639
971 868
314 189
580 48
380 974
445 518
337 901
543 349
432 927
16 734
272 872
536 37
350 669
167 121
793 442
25 544
997 186
691 835
512 94
318 249
254 685
863 577
593 101
591 758
207 941
477 360
273 703
845 327
69 861
986 175
830 116
652 844
29 267
838 547
730 168
187 895
575 256
298 316
359 661
400 484
226 74
808 648
47 72
730 458
87 859
792 809
226 61
100 710
585 610
967 376
952 943
516 208
918 843
279 154
306 212
401 169
496 682
204 763
800 466
244 175
266 802
173 149
413 678
288 789
515 182
862 259
240 574
701 671
797 832
338 103
729 590
363 388
755 714
278 803
375 741
859 696
839 646
24 281
7 48
797 624
125 79
861 379
556 271
774 338
803 446
474 488
96 298
840 205
391 695
750 668
381 263
683 293
869 50
284 744
211 952
843 603
290 313
627 448
242 94
719 528
855 208
179 22
531 774
109 270
916 340
134 505
359 842
711 497
893 398
696 822
775 25
30 713
721 438
886 1000
56 518
429 681
691 746
838 527
964 734
269 256
296 354
459 926
887 502
17 440
937 255
708 811
62 472
501 216
636 933
17 73
127 306
934 796
478 168
705 228
689 735
100 762
913 23
719 463
421 264
410 721
411 494
596 142
291 788
481 102
743 330
871 401
291 229
37 457
921 350
103 120
984 762
801 900
73 569
490 15
25 386
727 679
698 923
258 264
277 28
426 678
805 13
671 940
374 855
766 117
552 715
914 974
367 10
758 713
506 874
989 571
348 421
893 159
609 533
121 869
587 796
968 234
785 980
298 801
171 53
212 609
212 815
746 419
911 273
678 323
860 447
220 542
320 664
772 56
527 289
671 678
493 83
170 118
994 172
284 402
787 509
402 37
482 279
561 728
313 503
498 525
47 802
434 357
930 638
740 281
544 484
50 341
912 632
105 774
986 953
727 861
320 243
943 85
66 724
218 734
674 161
904 582
403 960
443 767
260 991
307 284
771 493
552 220
878 852
956 38
940 611
682 852
762 245
232 792
675 662
7 536
866 791
6 628
443 74
45 914
860 561
253 879
70 367
110 712
75 331
974 817
120 28
743 76
246 703
805 633
969 75
993 777
650 570
577 970
263 125
230 240
175 603
707 948
615 231
963 350
985 826
567 64
224 808
633 444
82 330
319 139
600 691
610 658
479 945
940 197
262 985
634 862
449 742
959 202
177 567
659 407
146 702
495 315
695 450
272 924
556 900
99 755
171 174
797 110
989 850
369 105
170 106
156 137
138 908
378 265
160 204
358 2
826 625
973 510
721 365
406 577
389 797
798 763
105 704
679 172
131 490
61 885
342 902
256 893
260 157
942 923
585 756
491 457
62 400
669 664
432 122
776 322
705 172
781 207
50 91
947 155
966 213
325 211
622 539
398 545
809 158
939 783
706 526
874 444
126 257
349 126
489 771
268 196
219 542
36 120
185 674
255 487
906 578
724 205
706 976
410 277
894 149
488 443
514 159
453 337
153 674
491 69
975 508
633 141
997 660
137 539
466 857
488 971
578 86
408 12
279 795
357 23
655 656
569 599
627 201
955 334
760 998
897 49
25 139
346 203
276 242
404 431
815 847
449 706
926 108
41 838
619 581
557 432
688 161
462 524
319 909
712 295
553 869
312 181
638 73
778 446
146 324
55 820
591 870
61 695
8 317
482 364
750 61
4 969
332 494
61 808
354 274
463 628
781 559
892 278
89 457
270 12
78 873
401 815
691 318
29 443
880 325
769 876
188 284
796 67
544 44
799 812
74 407
520 5
667 470
903 787
726 887
369 546
813 529
117 388
46 128
701 956
593 167
44 784
343 951
605 256
2 109
349 66
481 202
782 598
515 185
864 373
10 563
762 412
780 19
853 963
131 561
962 817
28 863
630 957
126 110
898 373
112 712
276 269
174 480
414 51
438 469
298 552
651 972
612 567
823 751
806 723
129 835
39 192
811 875
155 975
641 952
124 488
845 8
161 822
744 165
781 992
621 737
12 783
696 840
346 961
323 435
90 458
199 284
469 554
593 465
5 99
812 629
526 959
708 550
857 356
934 416
113 52
721 437
133 207
502 998
449 234
97 536
632 871
531 197
643 415
294 813
43 623
407 6
869 983
799 768
269 225
53 698
754 537
403 935
408 42
982 521
130 280
5 787
577 417
745 839
710 135
303 823
736 526
476 265
594 612
318 621
830 572
634 421
762 222
836 569
117 824
302 117
784 916
956 242
922 14
248 199
299 455
766 265
676 216
336 922
478 741
283 969
309 633
534 2
37 104
978 120
391 103
619 374
845 341
451 264
392 304
974 925
948 834
974 244
560 792
46 715
630 190
718 249
963 242
988 839
521 748
464 171
686 522
962 167
850 755
688 154
490 816
394 285
648 632
940 256
906 176
583 632
769 744
332 80
544 680
449 468
640 379
734 911
204 154
454 919
795 537
243 708
187 106
137 215
998 884
35 924
234 897
646 464
29 498
290 798
125 757
743 677
486 598
402 343
705 86
999 908
335 825
560 752
35 587
622 653
491 125
588 805
142 476
456 611
974 741
26 189
982 900
417 776
970 116
296 923
650 886
995 539
305 979
35 310
736 409
712 837
292 175
664 899
480 71
814 44
710 909
680 176
386 295
261 841
121 452
174 318
641 315
236 915
790 586
766 7
750 904
287 906
290 186
550 772
755 818
8 887
237 689
656 375
106 306
90 991
989 493
629 902
7 136
85 728
565 686
163 918
807 417
438 268
223 558
777 918
483 437
443 584
233 862
531 611
180 371
256 131
77 981
632 372
261 158
965 270
764 881
68 680
696 657
952 379
424 948
778 411
138 826
730 944
432 723
967 957
380 249
960 307
387 613
756 588
542 451
215 681
471 515
999 626
152 609
726 31
133 263
763 6
730 325
576 611
80 402
463 945
680 705
238 711
499 965
840 120
212 486
433 471
680 848
610 241
769 428
134 925
668 889
952 516
883 792
59 490
313 974
889 431
84 911
1000 880
50 43
602 972
544 161
371 477
577 282
596 34
562 78
266 531
230 288
625 566
993 74
478 530
905 876
802 528
898 255
832 871
174 346
654 672
566 542
606 697
774 485
68 200
680 458
150 434
558 303
281 257
154 561
485 33
603 706
159 288
822 96
94 987
954 24
738 691
206 965
979 583
525 623
879 486
926 810
924 551
274 172
690 897
656 625
537 841
842 836
717 88
489 18
941 528
981 547
836 378
938 409
740 158
299 464
661 482
575 44
246 754
912 535
213 491
364 777
971 307
902 935
192 698
523 606
542 334
446 355
414 733
199 89
97 755
12 874
852 901
598 97
433 529
711 194
179 469
731 512
588 911
915 329
882 684
795 239
136 416
265 540
334 968
450 512
633 923
754 498
520 6
619 944
17 923
676 393
550 422
383 115
495 661
350 392
474 796
196 534
931 733
969 274
532 804
878 442
888 670
425 736
249 996
130 32
417 816
344 976
164 91
149 745
97 40
704 112
985 849
928 985
766 274
152 642
576 442
93 17
797 862
634 352
264 988
917 357
611 656
563 778
84 752
153 164
811 575
241 67
249 969
548 278
492 976
310 225
662 266
646 655
833 948
779 42
361 207
234 327
567 395
864 178
862 861
522 280
561 246
944 250
301 563
822 255
552 527
479 904
209 156
67 10
760 348
713 540
221 855
974 341
403 125
721 138
460 122
775 493
66 449
764 40
412 245
741 534
380 289
401 364
170 35
100 160
467 671
29 380
342 237
824 92
369 129
85 69
606 505
952 128
184 362
241 234
506 93
87 648
199 978
511 972
848 960
958 261
835 730
231 509
626 428
790 450
627 860
114 953
106 120
265 905
123 589
658 208
511 34
114 776
652 438
93 158
974 569
28 623
156 596
286 543
602 900
969 415
420 449
828 454
603 846
433 760
865 79
738 311
699 56
334 442
542 767
709 86
488 614
508 633
35 123
328 207
709 737
867 790
923 536
709 231
819 612
710 832
371 91
639 605
811 539
258 697
844 312
237 631
845 888
457 527
546 311
508 206
517 726
345 692
117 537
897 304
702 573
650 88
601 654
506 586
333 279
85 406
13 665
949 125
164 795
664 451
132 313
25 655
82 936
790 930
703 179
263 786
584 521
89 237
34 566
715 254
695 956
189 11
653 700
511 992
307 410
259 485
758 419
777 352
394 944
625 350
972 453
513 934
669 547
321 733
503 717
217 412
184 723
495 717
351 553
923 184
614 825
75 603
540 423
256 569
709 296
795 119
125 159
456 322
240 745
149 801
171 937
466 103
361 331
328 156
336 903
318 827
28 785
145 971
367 330
813 28
573 887
135 48
194 748
672 804
233 146
750 905
915 692
152 136
733 886
147 399
519 479
428 348
840 100
513 2
370 207
371 858
979 381
390 160
966 48
105 138
147 365
829 857
65 564
690 877
450 198
323 364
769 346
935 77
540 515
977 223
206 571
15 467
808 859
292 442
938 529
912 809
467 116
103 998
87 509
905 100
372 965
35 955
95 663
644 263
94 346
255 685
809 849
64 387
374 21
965 606
70 882
53 576
717 729
528 370
140 324
362 436
36 821
588 842
170 575
687 118
308 929
15 502
719 385
570 891
692 591
641 971
809 301
595 380
418 695
292 204
165 602
386 168
945 174
379 854
414 315
267 336
254 58
311 954
663 316
6 993
140 799
2 856
184 79
429 375
177 486
768 655
287 873
914 901
665 57
738 705
868 528
281 256
779 1
357 21
638 126
875 600
427 397
424 555
579 364
962 636
798 142
366 140
95 566
977 25
760 855
592 110
814 628
447 117
985 566
802 68
567 324
887 884
309 116
336 62
155 914
47 672
836 379
712 297
877 657
384 708
574 691
430 879
596 975
116 657
445 997
530 589
837 863
17 121
346 922
948 115
271 206
545 249
428 795
655 116
159 901
494 620
846 705
229 705
692 239
751 588
761 452
620 377
252 917
508 429
408 865
283 419
452 554
331 415
98 510
601 461
643 208
728 968
286 544
396 32
326 801
952 656
22 110
278 964
316 271
581 277
983 641
770 100
112 492
849 386
872 770
192 436
840 480
714 281
920 440
828 257
483 816
897 920
348 190
439 785
296 513
577 944
618 204
513 168
400 623
898 482
662 267
612 930
404 111
333 191
426 483
44 54
500 656
708 477
312 729
163 960
172 146
543 429
512 287
509 719
21 339
872 365
103 763
65 487
147 165
940 286
155 638
696 842
863 678
242 172
651 674
907 572
786 967
668 295
194 442
569 158
437 185
682 135
995 212
298 140
726 68
87 538
437 583
931 440
616 302
999 533
302 447
633 572
105 815
353 485
360 751
174 757
597 1
529 282
658 190
914 212
477 845
798 130
416 556
575 532
936 435
848 751
407 998
451 718
396 117
678 359
59 693
961 945
525 16
356 941
31 859
952 684
351 746
340 665
628 211
568 286
934 735
738 308
810 857
650 946
188 981
84 678
12 139
841 147
985 967
6 49
213 990
560 907
232 620
694 346
200 10
167 766
376 843
291 370
720 592
775 12
723 295
119 630
263 312
304 695
565 761
271 834
151 408
650 89
446 252
124 14
364 541
492 618
310 927
473 289
116 602
364 684
825 70
128 274
384 652
152 664
543 564
220 831
796 368
786 186
765 439
95 962
924 44
448 285
692 48
980 122
991 4
866 939
190 829
51 217
786 92
311 539
916 431
649 812
603 123
227 312
856 424
30 853
918 415
238 664
444 47
762 30
855 910
356 867
490 317
207 248
118 813
266 746
878 859
377 907
352 293
850 476
524 797
322 465
487 425
552 110
171 936
286 395
25 99
119 903
233 256
453 267
371 142
409 877
140 715
859 741
492 906
435 897
755 820
441 316
598 717
447 370
521 692
659 698
695 136
589 389
826 73
86 59
205 444
998 379
176 142
984 789
807 419
572 548
519 111
745 40
81 616
33 484
622 422
162 192
327 766
370 95
561 910
907 358
447 161
898 951
270 362
532 121
613 114
725 520
156 277
512 229
109 467
274 168
368 723
542 449
655 226
531 944
588 135
860 700
422 67
722 701
30 516
826 814
403 658
1000 694
213 55
985 6
553 714
499 854
340 174
378 89
87 691
623 621
55 115
259 448
909 986
796 384
174 813
602 680
625 377
651 276
701 36
44 745
583 192
904 183
747 332
574 413
142 67
102 386
819 470
987 840
701 774
321 27
390 551
541 893
106 848
432 2
844 786
404 903
921 283
614 440
942 131
793 977
715 247
652 44
922 655
641 261
275 515
214 756
529 584
571 53
685 69
375 547
855 373
875 603
604 59
115 30
19 371
595 808
50 519
926 448
659 583
16 579
333 508
246 935
963 93
604 857
860 499
88 937
439 752
243 499
972 336
342 485
128 299
966 594
243 608
225 957
427 281
191 192
74 990
754 44
276 578
815 590
389 237
511 756
635 128
427 455
252 688
289 442
678 956
915 474
934 10
84 489
553 294
807 745
302 275
984 166
45 531
156 684
286 775
14 310
992 608
700 273
494 830
852 212
655 525
273 281
457 68
494 937
44 604
13 471
822 919
624 170
914 546
58 704
315 211
978 369
761 7
64 465
432 277
213 773
572 57
610 356
480 1
192 437
301 109
486 43
894 180
895 325
906 465
59 71
187 138
101 448
447 724
196 468
259 603
885 448
353 727
724 962
128 203
977 346
499 170
392 592
160 732
552 610
827 312
224 723
173 202
48 385
287 610
76 503
684 246
190 379
798 122
416 276
254 610
59 624
423 243
501 767
797 418
636 398
211 813
181 909
773 329
646 201
872 12
491 188
40 702
772 375
207 818
647 561
597 390
707 346
925 399
928 157
876 247
651 811
915 393
388 15
549 756
198 482
649 166
75 592
543 774
69 607
307 102
53 534
54 560
43 608
885 79
140 446
468 19
329 371
934 784
413 399
127 143
738 96
847 646
903 752
814 309
429 873
66 677
69 258
353 905
491 176
554 926
187 347
45 851
908 153
356 942
328 275
74 251
59 133
547 440
654 636
947 498
935 769
903 295
119 930
780 50
940 448
220 916
287 2
37 727
97 276
944 299
304 74
606 908
261 628
813 71
618 33
909 628
307 805
146 948
499 134
693 386
450 913
944 152
765 16
436 780
110 223
627 51
534 589
955 504
48 316
581 622
68 695
683 399
475 468
42 278
484 903
378 398
103 879
733 724
403 411
391 215
65 840
726 135
838 845
909 614
416 30
772 363
366 278
810 749
639 819
949 285
735 364
920 525
134 763
216 234
677 419
71 84
790 642
921 849
174 679
731 586
122 587
578 219
583 867
238 665
848 573
832 338
340 105
287 418
307 352
776 313
1000 791
909 67
152 906
834 531
98 278
26 43
797 944
656 174
13 287
104 633
899 450
520 909
850 364
813 376
465 650
743 251
926 553
287 81
126 203
182 297
206 163
23 955
382 416
989 200
519 315
237 714
18 79
457 600
24 341
498 308
266 190
51 956
529 764
65 557
629 899
208 353
91 328
559 936
836 99
732 616
799 8
646 996
812 500
445 765
686 549
637 9
256 134
651 783
848 447
261 44
227 482
674 215
927 763
660 934
240 399
369 109
631 333
669 80
233 526
274 56
242 324
833 303
887 148
156 52
105 708
568 172
416 937
952 203
460 354
464 613
203 448
155 101
450 571
75 138
994 444
482 136
299 962
107 253
217 333
329 267
75 795
580 820
562 363
585 296
728 127
257 599
467 2
714 1
453 59
164 34
684 937
353 127
376 456
770 158
789 418
679 978
121 372
366 598
112 593
168 801
780 250
286 375
513 465
70 478
607 653
563 55
709 189
758 24
418 6
201 494
884 181
175 998
627 205
576 837
134 101
574 496
798 140
285 455
507 347
164 170
860 349
977 31
320 806
779 225
581 661
732 263
684 299
916 462
259 837
168 942
834 723
168 951
321 396
391 552
90 67
551 210
206 533
412 236
964 449
734 955
56 190
973 269
316 624
872 160
69 856
696 910
34 525
511 759
692 122
52 985
576 723
631 119
416 804
809 947
792 703
153 695
407 254
221 704
187 592
151 245
390 855
83 675
800 265
531 395
92 595
520 152
350 399
777 868
351 978
279 145
821 734
4 645
883 761
844 593
349 45
351 847
980 113
838 115
495 628
850 421
832 952
242 992
452 857
14 960
254 453
20 517
644 607
287 41
953 709
58 291
41 695
206 155
300 164
374 989
413 963
663 438
440 607
520 675
206 10
45 248
690 751
949 930
271 586
606 555
789 9
756 92
542 701
209 511
360 357
275 170
50 737
551 515
238 266
167 723
367 98
915 972
328 658
882 297
668 748
975 528
869 61
985 528
679 909
566 477
789 860
994 990
703 954
835 242
798 906
102 567
929 105
547 646
252 384
54 394
170 159
396 256
327 487
610 641
846 513
260 428
796 366
63 313
235 588
240 294
518 295
147 996
249 472
51 334
325 595
813 830
777 504
138 674
144 939
736 949
916 917
479 367
652 595
444 532
821 528
364 157
827 735
311 422
733 105
922 761
265 337
445 316
84 236
89 338
967 347
828 227
460 799
376 290
504 855
109 512
519 931
278 119
841 201
839 946
92 341
900 566
979 87
595 961
693 973
948 858
383 711
386 351
776 715
281 51
585 93
107 257
409 919
764 677
413 935
175 696
343 298
945 938
589 544
875 661
720 594
441 151
300 430
897 132
150 744
910 898
217 617
270 541
985 86
302 946
375 776
945 513
802 394
90 136
826 260
427 211
122 537
32 257
411 871
912 960
30 671
363 622
894 990
844 247
353 652
668 261
134 617
670 335
454 212
113 212
333 967
856 652
194 271
170 292
469 360
865 563
615 523
339 852
621 150
144 806
94 46
459 671
724 353
835 840
567 757
783 552
663 198
540 307
634 82
141 216
624 100
438 954
519 903
310 347
374 496
5 825
409 160
266 635
876 266
735 705
81 552
957 711
407 746
746 810
605 245
262 618
760 130
615 60
880 85
117 439
756 246
684 379
810 970
710 675
641 424
552 285
292 536
632 43
617 825
210 129
160 662
784 432
988 715
116 977
724 618
931 304
453 700
310 863
289 80
769 302
204 325
404 263
925 163
424 952
354 553
85 439
693 40
748 552
971 267
501 456
561 767
237 446
990 644
95 32
134 740
363 360
476 649
477 736
734 803
338 678
265 740
178 831
109 789
114 621
558 554
693 240
340 31
602 694
353 156
170 570
870 603
373 81
912 263
36 903
74 94
978 760
942 423
141 252
415 493
149 721
410 239
481 866
353 351
322 947
805 806
537 696
70 332
590 695
348 38
167 132
153 48
542 570
120 61
118 600
304 132
547 192
175 643
897 945
612 826
561 492
135 17
428 29
590 438
949 589
491 711
974 48
812 187
25 159
962 712
10 205
899 766
160 190
59 648
100 372
615 407
343 749
200 290
453 656
276 255
423 120
559 828
393 957
548 547
551 892
219 511
807 214
243 501
744 334
391 623
195 374
473 376
219 364
294 382
996 108
799 227
735 385
511 433
651 520
530 475
808 713
666 811
385 860
780 218
479 84
230 858
856 725
252 690
502 14
409 930
367 301
550 248
255 322
187 994
545 224
963 848
216 82
108 32
311 605
937 22
41 105
574 349
373 900
502 296
804 706
59 907
919 243
795 1
724 409
88 187
456 703
109 539
443 939
803 117
805 841
572 68
314 692
204 980
219 625
220 174
365 979
975 46
300 790
768 576
487 320
269 525
249 422
225 305
353 394
304 160
56 705
533 817
236 983
610 544
148 273
278 660
318 577
229 362
470 908
487 550
849 277
208 411
82 380
375 513
674 344
928 124
73 583
572 639
6 125
621 954
289 943
593 153
483 497
891 476
599 903
214 355
911 315
682 977
313 146
497 157
716 46
458 199
964 407
177 963
731 420
190 717
753 428
56 236
676 889
768 345
420 708
773 216
61 726
420 853
762 581
467 675
527 489
645 30
21 788
207 685
298 139
706 28
35 884
433 387
60 385
758 296
555 607
523 719
4 200
246 111
139 867
946 369
909 379
164 310
772 802
807 540
562 673
874 735
545 597
2 558
92 560
438 556
277 610
247 736
633 668
808 112
182 464
277 324
244 137
447 532
619 79
654 578
14 989
555 999
866 764
244 56
462 243
139 188
859 621
309 580
880 512
848 524
301 637
837 446
98 487
289 760
555 645
172 83
580 336
180 582
931 134
93 719
276 81
774 304
685 907
922 463
262 100
873 123
945 806
711 911
340 856
845 513
846 166
162 904
252 199
169 653
669 296
30 482
307 539
824 431
717 28
898 662
481 796
634 589
214 996
503 103
341 888
309 218
942 845
668 407
135 324
66 33
251 103
323 402
470 455
878 448
117 914
189 293
27 438
523 525
545 53
895 647
986 865
844 71
882 782
759 116
762 712
464 635
606 642
485 795
326 273
666 914
403 744
297 45
563 262
503 427
160 499
344 80
397 506
880 386
476 597
41 16
886 232
706 258
744 721
231 285
360 730
161 927
187 667
923 15
365 844
911 614
288 711
153 904
682 127
788 886
291 822
292 69
131 961
863 662
942 507
914 616
292 212
847 442
867 600
54 707
118 706
102 199
432 479
384 402
51 603
426 757
903 261
488 287
482 665
46 270
656 78
766 441
966 687
755 648
131 524
581 12
49 171
784 290
16 956
381 118
236 799
20 796
628 41
591 167
850 31
188 730
979 705
409 88
729 938
659 703
366 773
628 88
632 155
398 401
893 12
417 169
208 242
246 862
137 314
160 629
547 867
402 718
331 872
229 789
649 501
342 476
474 204
402 865
422 356
336 229
691 925
237 155
298 33
373 619
273 838
843 839
384 335
561 766
29 288
605 961
312 876
886 810
796 454
174 598
36 595
364 960
812 537
611 449
705 900
356 556
930 783
291 615
98 103
444 95
321 780
430 414
18 868
43 691
257 756
500 294
725 171
900 175
550 270
952 521
700 511
614 605
886 406
465 970
361 521
896 780
603 6
571 394
978 81
205 904
939 873
505 574
376 458
193 532
488 644
412 818
554 743
439 107
7 295
175 541
550 635
684 713
840 178
63 540
706 861
525 311
605 73
932 271
573 555
618 212
799 57
12 477
346 435
433 521
42 936
885 410
357 17
413 799
971 797
498 425
780 937
930 26
987 215
989 637
650 397
30 427
638 860
507 458
988 699
916 456
66 327
67 162
622 304
110 4
656 788
192 538
164 863
38 880
76 3
411 814
910 260
659 4
554 466
702 170
727 553
765 889
422 760
924 23
999 749
18 820
806 87
202 169
938 855
613 599
997 981
196 893
657 773
35 697
403 913
960 338
853 393
767 375
895 770
5 606
562 269
89 741
944 196
754 721
24 932
666 287
593 853
499 706
259 9
514 347
1 436
540 491
935 355
562 111
412 790
867 656
944 691
396 258
59 263
929 49
93 257
954 933
410 482
249 698
802 928
675 434
552 327
22 775
132 895
922 377
965 293
931 237
387 895
921 70
755 926
976 913
52 573
688 101
513 78
533 387
579 477
851 544
802 100
622 349
410 956
159 694
181 906
129 615
771 44
406 801
12 916
118 494
906 482
38 239
630 629
901 163
939 368
152 606
227 34
320 448
283 244
839 475
735 154
41 426
674 287
188 335
27 203
528 948
247 812
599 443
255 353
130 752
17 66
944 787
192 40
264 485
508 946
420 232
279 183
452 665
314 742
277 466
81 689
10 767
706 624
891 564
272 190
770 213
443 39
814 26
267 373
602 816
917 275
258 400
280 712
552 71
305 139
859 620
362 76
490 153
589 699
510 220
758 550
857 542
36 412
447 539
577 912
428 230
367 19
719 814
796 312
225 574
497 714
980 698
765 188
747 593
436 664
829 618
235 309
722 774
744 489
10 21
746 283
110 226
167 937
744 376
605 936
674 95
878 231
420 368
157 63
823 595
223 359
833 471
741 230
744 22
617 296
869 644
927 657
930 407
290 566
849 532
759 454
552 443
504 434
90 347
494 441
981 937
415 951
786 201
832 385
623 484
471 859
41 390
562 608
834 221
818 758
14 467
917 770
791 809
353 261
118 7
624 952
700 357
995 803
652 448
784 712
568 719
348 655
10 768
88 372
72 601
481 155
690 113
840 606
448 809
384 484
330 352
207 26
889 247
357 905
186 72
648 733
894 243
287 995
555 851
58 473
263 122
49 922
3 585
498 307
405 229
813 168
172 48
357 252
645 959
676 864
756 406
896 618
430 763
569 685
676 811
133 828
246 863
747 714
52 396
145 805
422 266
133 845
138 853
582 792
615 267
651 657
450 114
983 348
565 530
952 496
4 845
354 406
798 365
412 58
749 427
609 888
385 886
228 306
138 518
251 243
913 404
517 26
378 918
886 811
529 703
818 523
636 774
913 293
680 568
308 281
875 471
731 939
843 53
183 524
101 899
373 942
985 202
363 136
781 200
399 280
519 852
518 809
297 443
581 427
661 987
832 95
995 573
430 232
801 980
37 394
457 452
495 962
520 940
426 839
686 25
651 275
875 817
694 407
969 180
185 901
314 99
311 476
708 343
786 742
358 344
114 184
860 58
349 571
710 540
471 8
646 820
264 626
108 809
270 552
683 305
901 650
341 989
873 876
495 757
220 989
976 99
540 636
885 989
462 902
800 721
782 417
152 303
420 674
208 908
482 359
125 713
454 897
368 322
66 354
539 22
765 537
786 254
381 784
505 321
460 885
977 617
136 471
643 470
184 451
458 174
630 264
388 309
874 395
890 173
891 860
657 772
910 214
127 262
938 743
245 215
120 835
563 238
531 784
17 246
326 120
278 255
127 997
32 981
417 857
952 677
239 670
689 917
926 842
156 590
87 379
141 286
862 376
386 199
874 298
638 430
93 86
962 921
819 724
270 968
72 847
538 116
371 221
614 299
393 191
339 315
840 372
655 692
609 425
955 133
978 30
284 851
546 442
603 695
418 41
404 116
208 413
225 529
945 824
506 862
750 565
896 196
772 831
274 234
438 351
404 475
617 896
798 239
581 741
910 933
270 516
162 149
264 765
122 657
928 580
750 279
989 753
4 743
688 324
637 191
507 70
835 279
354 495
778 349
7 637
85 365
985 311
802 327
713 864
703 162
590 414
351 494
155 659
514 980
814 931
987 582
200 796
773 10
574 946
212 727
748 897
92 893
616 161
393 484
554 233
374 86
531 315
255 497
101 987
502 266
503 743
767 362
422 840
528 792
380 482
334 627
500 287
288 619
970 91
849 794
780 456
697 882
794 220
391 190
999 37
490 119
457 838
311 103
59 246
50 583
7 366
767 174
589 698
629 137
757 324
504 340
335 899
803 501
92 148
920 183
2 243
505 797
436 665
995 592
612 722
389 365
228 219
708 77
401 663
293 897
973 31
557 352
155 928
872 334
30 480
217 671
660 31
898 660
919 802
186 674
260 365
647 371
965 511
307 906
489 531
773 169
318 14
346 863
366 282
898 424
137 647
798 647
877 118
289 501
553 576
346 718
754 195
481 621
99 10
317 479
230 864
670 477
696 56
861 642
754 338
520 486
979 453
117 690
8 218
805 459
919 343
813 944
316 136
504 920
902 453
808 304
41 167
320 122
641 880
770 916
553 28
153 910
541 739
247 710
953 951
188 144
939 936
136 555
430 205
857 551
845 722
701 878
885 241
434 643
608 858
488 584
620 913
733 174
515 263
385 126
439 807
799 71
233 148
205 294
685 92
427 884
450 399
931 164
56 618
900 285
703 648
405 853
686 446
798 148
860 373
20 124
607 984
544 894
45 479
711 770
217 586
290 262
534 621
754 948
473 353
437 454
755 375
632 490
315 790
7 564
66 400
450 115
986 33
234 714
826 406
956 127
61 683
304 473
397 681
968 635
369 242
208 816
635 251
798 739
584 555
416 941
787 142
311 852
995 19
412 473
181 532
875 105
775 330
977 669
230 927
696 323
865 604
829 505
904 944
268 271
107 241
714 811
498 249
435 262
916 831
158 344
248 441
249 96
487 234
658 786
37 343
979 306
662 805
296 894
619 120
620 215
586 67
783 815
69 721
735 550
816 452
871 38
540 592
140 902
159 122
671 504
224 127
904 566
962 805
837 835
895 317
884 787
548 778
846 339
926 299
92 173
935 555
393 704
176 208
526 356
971 799
202 780
119 565
637 440
730 714
287 629
988 774
56 16
618 263
747 681
52 353
906 460
584 282
237 45
604 965
468 701
612 456
868 82
617 342
697 78
536 204
169 997
632 629
669 48
857 272
195 665
610 29
359 963
570 951
256 563
829 714
282 575
528 827
477 592
425 45
42 246
946 505
51 231
640 600
273 97
610 842
710 770
282 977
209 791
620 375
757 732
121 818
990 897
61 115
706 328
107 221
537 974
184 546
100 519
559 101
931 706
198 71
205 985
818 112
545 680
608 548
435 512
455 957
386 196
886 355
489 68
908 943
969 117
220 169
928 987
331 832
237 734
889 174
406 750
515 206
976 742
923 216
989 367
206 159
745 431
67 695
31 16
725 388
822 293
625 821
241 760
976 629
496 879
577 906
390 433
528 210
124 659
646 176
292 595
115 80
903 109
228 849
944 98
87 763
441 232
423 392
871 847
928 726
109 863
437 28
864 824
928 581
363 637
336 16
191 146
367 363
711 603
823 585
609 965
613 949
405 720
134 502
322 78
843 688
679 14
425 367
302 743
776 211
643 745
971 212
810 90
155 62
915 509
282 898
448 422
798 586
127 340
218 592
716 247
45 557
909 767
356 742
196 851
179 167
587 98
937 119
478 145
830 970
814 463
933 451
956 932
424 237
745 847
706 735
690 248
451 692
807 526
92 674
202 430
629 453
631 667
615 822
743 381
525 10
598 576
126 321
571 436
847 419
392 449
912 96
642 409
457 837
663 269
504 424
624 425
195 20
789 343
737 142
665 217
205 688
757 323
319 440
163 132
992 60
667 532
639 992
609 293
519 496
315 702
797 718
335 563
289 991
237 513
475 948
681 865
993 567
688 3
742 842
889 646
229 109
66 596
90 229
988 676
593 250
846 212
926 172
716 704
309 182
596 926
502 649
378 395
273 749
327 310
312 117
316 581
30 643
796 905
865 996
475 624
410 314
646 313
596 892
796 334
299 686
467 676
986 876
94 353
403 380
960 591
190 199
946 558
714 594
880 310
806 2
773 987
577 202
725 434
467 414
857 106
701 169
78 936
784 699
58 816
395 619
143 917
341 772
704 898
575 950
905 670
361 530
732 551
143 826
112 332
365 886
157 806
25 331
830 704
482 946
871 428
529 171
898 96
295 752
671 853
230 399
108 622
789 506
561 363
642 236
419 189
115 234
331 921
686 221
29 550
67 655
659 851
123 471
684 262
553 978
875 629
589 447
664 874
819 659
388 618
928 687
447 457
106 333
589 272
829 613
199 448
870 315
67 58
440 488
65 170
495 322
760 689
262 865
790 16
363 568
225 939
12 975
752 720
203 776
627 683
673 40
947 697
217 916
896 526
420 543
20 433
942 892
299 650
446 335
472 198
109 239
620 925
190 880
782 148
866 285
518 626
541 307
84 322
670 585
696 324
512 633
278 358
409 501
282 877
299 825
709 578
710 293
303 913
126 556
681 33
165 912
536 732
294 764
260 932
373 93
230 766
601 506
529 117
610 120
611 817
922 940
80 839
173 37
496 246
187 390
746 967
875 21
892 941
904 93
1 478
990 486
270 807
257 229
847 8
334 288
23 986
580 501
654 680
841 999
549 446
771 908
612 806
809 893
975 372
396 639
733 802
380 713
133 636
651 243
102 851
360 270
214 633
127 619
609 365
77 143
495 384
560 183
464 220
289 903
110 297
752 348
609 734
829 773
495 23
850 800
926 85
893 158
821 466
660 976
988 549
99 278
225 951
851 871
450 84
837 856
694 755
950 617
493 18
354 24
623 312
806 360
386 639
811 450
354 299
18 966
311 699
268 718
271 501
826 892
921 780
481 261
388 311
341 369
195 117
571 860
787 907
883 990
597 32
209 935
670 820
944 210
53 734
936 478
791 960
153 980
175 367
583 162
624 81
171 425
383 456
973 942
44 602
500 180
701 783
966 169
585 842
254 383
995 603
559 442
123 884
700 252
991 943
261 888
119 980
245 265
306 447
842 349
954 371
422 773
956 453
723 50
68 133
665 109
187 241
443 363
139 114
343 498
881 815
571 87
76 527
737 323
976 517
957 453
517 762
719 708
354 792
101 61
603 343
470 866
971 651
699 888
4 594
171 451
727 78
953 213
521 9
636 388
68 744
87 348
199 390
347 435
425 477
561 601
319 825
790 926
863 316
664 286
463 674
221 458
449 112
91 46
70 512
345 7
679 158
57 891
77 584
464 659
908 764
627 518
477 691
83 612
66 874
854 243
752 341
697 692
130 719
690 83
97 896
41 839
315 160
140 436
568 327
363 197
127 292
917 860
574 381
913 82
728 141
732 685
645 478
781 14
469 546
642 644
19 751
520 776
595 332
391 299
603 809
552 121
273 392
939 991
755 515
793 994
529 1000
783 919
606 750
495 885
520 757
650 524
353 644
104 542
121 416
470 573
271 516
558 207
829 132
646 720
793 60
650 671
376 850
361 2
896 307
457 567
846 59
650 366
656 659
31 277
15 688
716 995
509 891
425 303
542 163
46 946
964 209
747 739
52 427
590 175
479 980
203 163
450 250
986 472
454 658
910 263
118 486
650 211
449 306
964 503
569 481
308 115
893 424
180 53
56 123
647 531
942 865
119 32
213 427
402 170
757 686
282 628
415 944
535 579
535 965
49 795
355 372
528 546
655 331
179 130
566 818
53 741
461 855
286 358
5 514
528 689
363 62
880 100
183 715
974 754
938 588
763 433
529 25
896 804
594 577
847 273
405 302
425 544
376 434
598 621
488 684
92 310
496 635
244 233
617 625
157 718
582 177
966 272
790 34
168 493
187 91
297 655
851 324
853 898
513 463
609 102
521 964
24 300
701 590
336 526
614 241
651 377
505 989
880 703
992 473
738 565
423 365
231 734
194 535
239 148
505 846
894 464
396 555
219 200
755 938
112 920
578 798
656 767
215 124
861 355
662 421
775 254
307 714
287 544
755 200
873 458
812 385
996 230
333 138
466 709
565 855
472 570
238 33
440 88
243 397
246 636
526 546
141 744
310 749
69 878
899 573
77 703
523 557
160 53
694 566
575 273
338 784
892 379
506 42
679 311
231 428
929 592
53 584
19 472
352 523
907 433
98 99
5 725
335 370
192 996
840 816
801 542
343 839
731 989
92 581
65 709
230 767
467 155
805 207
37 341
705 299
706 516
174 22
732 516
170 616
851 585
253 920
714 410
165 578
645 712
315 61
851 95
638 309
888 526
896 558
948 799
328 160
606 791
119 864
102 118
585 24
932 267
257 21
3 537
225 409
758 621
962 850
48 190
471 148
698 200
42 916
405 774
875 592
767 582
147 435
827 277
157 278
772 900
90 811
860 347
150 839
794 633
707 184
873 192
121 811
369 261
181 1
161 953
497 244
445 908
299 242
195 381
694 833
753 703
56 213
360 302
298 126
925 51
640 397
751 769
94 540
852 680
265 472
303 368
344 383
864 811
290 637
166 8
259 758
42 10
636 182
86 211
14 108
848 464
643 540
78 542
339 565
970 497
218 634
627 986
202 501
74 413
973 843
888 969
155 244
448 122
729 159
714 845
252 796
662 962
101 821
232 956
175 366
13 127
677 40
771 47
990 161
288 689
558 148
834 853
283 630
111 578
335 138
743 57
139 151
983 526
641 713
839 746
168 421
337 274
779 327
68 134
585 52
785 505
201 291
167 722
538 994
116 138
82 486
823 903
970 585
77 289
466 984
750 568
732 451
769 79
608 209
238 268
167 816
224 746
885 747
134 59
73 987
369 380
612 648
295 76
883 509
462 711
985 538
68 858
15 381
553 830
552 903
410 981
910 714
488 493
696 850
824 263
570 887
590 370
99 309
105 612
214 70
618 538
845 352
792 340
665 970
367 613
172 718
748 621
14 217
416 120
420 592
173 776
694 423
821 888
876 574
830 915
437 591
481 695
887 459
869 588
502 111
359 690
70 803
911 875
878 762
274 284
174 765
967 448
848 584
499 900
687 65
544 177
943 573
41 217
614 537
232 600
500 137
597 805
746 673
528 372
432 345
303 686
515 14
274 992
905 253
429 4
984 709
724 935
625 757
439 175
466 883
656 103
489 186
607 690
663 380
674 546
780 184
763 976
582 372
567 192
439 845
940 950
723 446
116 396
452 232
491 642
646 864
478 924
266 20
820 659
585 306
453 706
586 941
671 324
825 473
276 188
280 311
9 351
302 948
727 109
847 924
474 245
259 899
556 923
993 933
691 900
668 975
930 288
590 334
411 893
657 645
530 397
795 531
262 564
191 406
88 653
877 115
950 961
886 963
815 333
268 512
714 592
346 636
437 931
969 614
566 640
36 651
426 404
610 880
739 76
10 961
743 556
371 167
136 284
183 414
416 721
169 511
888 513
620 813
537 900
404 661
403 826
631 712
27 870
966 176
763 432
74 183
112 334
757 146
633 924
170 866
448 832
233 494
947 422
765 10
22 46
686 1
488 572
605 207
823 184
609 244
516 576
934 755
663 275
315 385
871 140
68 335
750 807
951 20
76 882
295 464
866 524
618 253
417 322
328 99
182 66
793 31
958 739
903 38
319 303
806 400
385 285
81 238
82 321
814 758
118 970
489 321
328 833
321 510
613 152
998 400
63 187
971 577
937 838
593 228
632 382
928 399
711 23
53 98
845 454
441 930
564 382
319 995
549 378
730 902
363 691
330 520
882 77
111 397
518 455
263 728
197 436
804 784
830 68
428 616
496 254
204 775
374 243
265 669
458 131
624 762
914 114
289 860
166 207
369 977
867 46
250 52
126 707
8 645
330 972
682 377
757 931
558 556
528 527
395 568
912 494
894 884
950 203
187 698
164 995
726 721
50 78
397 251
326 163
18 752
683 750
153 879
176 568
733 380
770 230
154 67
503 974
732 948
227 792
927 477
743 163
662 26
849 513
847 447
984 556
508 442
989 293
497 687
421 777
996 583
339 400
432 222
34 382
54 101
270 211
295 325
928 407
391 822
565 615
103 488
555 593
612 518
883 484
580 36
673 910
233 919
159 443
168 774
613 188
9 262
484 96
705 690
291 17
90 219
412 11
789 833
167 109
190 214
450 35
436 114
772 756
919 871
545 41
850 576
513 688
226 117
351 502
647 709
407 416
172 747
304 249
493 461
251 34
269 447
52 49
513 545
950 512
937 493
994 646
714 537
623 427
493 818
129 404
561 406
526 200
213 211
855 516
531 178
94 206
97 634
169 21
886 994
350 487
481 372
389 681
653 844
981 335
734 393
889 480
376 269
283 879
141 137
914 395
853 758
605 277
224 992
598 682
831 519
288 801
224 175
651 357
548 58
864 511
422 827
495 200
520 731
171 633
903 328
119 839
449 895
222 850
846 434
974 231
810 908
595 238
269 368
361 36
959 963
915 759
182 10
185 790
404 112
388 669
405 793
172 369
945 828
329 477
196 242
949 988
822 90
492 857
864 827
906 48
484 4
603 454
54 274
510 752
423 747
351 308
817 548
121 951
547 655
930 285
878 191
646 193
760 602
285 887
547 540
364 720
510 978
42 92
20 902
373 558
486 499
941 303
982 88
839 321
368 354
874 844
849 346
108 348
592 586
293 446
978 886
207 600
246 64
274 285
44 907
761 495
355 346
515 706
53 655
563 206
27 51
783 397
181 64
187 738
425 697
502 441
243 129
895 178
606 35
97 209
6 757
300 978
72 945
126 324
219 546
956 133
265 909
439 174
867 691
546 760
194 800
797 937
263 13
633 873
603 388
85 856
820 749
228 157
729 848
253 18
806 776
456 236
720 585
975 735
872 660
870 387
211 514
90 881
533 49
517 732
457 646
134 36
103 641
345 421
721 962
314 488
703 886
980 933
910 564
103 790
364 534
328 516
717 22
574 737
530 635
210 132
164 781
653 994
858 15
933 343
920 742
151 630
964 663
768 426
386 549
665 695
351 95
932 668
122 885
990 802
256 877
494 557
298 504
429 530
446 688
286 933
865 564
847 588
908 960
658 155
678 222
438 659
455 723
331 449
202 489
45 595
688 910
363 48
224 289
457 443
364 697
230 672
860 598
343 899
490 437
577 267
207 112
413 753
875 42
503 997
126 352
607 499
476 151
686 6
304 256
837 122
896 580
490 87
805 924
845 607
274 852
885 366
527 661
338 35
861 405
560 778
775 837
101 256
874 256
620 540
215 280
883 242
498 300
262 171
839 737
928 819
330 437
566 480
811 910
155 866
376 991
414 129
508 228
474 436
717 472
591 451
993 592
706 130
725 829
82 721
272 889
113 685
683 345
811 172
999 413
820 918
181 92
385 687
207 988
336 219
938 200
578 371
83 851
209 508
949 456
310 658
246 284
748 950
217 10
414 748
787 146
828 267
498 549
474 517
13 998
565 265
657 787
269 205
476 567
682 358
41 118
978 977
151 233
597 9
529 473
641 807
930 888
92 583
807 546
475 347
260 935
196 549
966 193
415 325
607 305
496 699
154 465
819 289
36 29
993 470
760 455
876 357
606 906
20 617
292 246
24 620
318 882
799 76
513 440
328 162
148 405
42 880
700 624
615 89
486 151
367 368
956 403
267 158
548 229
558 254
354 896
997 890
176 212
551 535
589 416
849 179
985 145
298 579
621 975
358 703
402 770
146 519
39 208
996 309
688 206
466 532
641 216
661 277
259 845
402 959
911 642
612 500
48 587
472 903
380 272
623 212
695 683
865 944
521 156
942 812
209 472
63 269
817 793
982 61
307 887
336 332
610 612
425 128
982 428
285 948
778 901
398 205
476 757
648 232
635 8
943 307
235 646
251 571
825 464
592 325
331 171
443 597
759 171
523 809
348 558
832 355
904 848
326 125
867 873
830 957
654 335
123 555
344 812
552 241
100 713
131 910
848 652
813 662
634 405
278 292
550 703
663 116
26 107
634 260
852 435
247 920
283 584
638 452
361 376
452 833
969 648
183 112
148 570
67 977
234 25
842 344
771 860
578 891
384 207
292 968
665 114
962 692
339 431
141 733
936 571
392 601
637 487
512 378
915 615
354 791
134 57
689 310
146 619
879 15
972 675
891 469
871 667
68 836
551 793
536 14
8 743
574 415
232 69
30 280
603 118
395 969
826 475
76 206
865 344
599 226
602 130
237 93
919 763
242 309
248 970
686 950
341 79
34 553
697 479
901 173
243 869
118 275
211 629
69 693
394 673
566 523
273 944
153 746
118 130
835 566
986 950
535 681
717 518
648 19
207 456
579 71
835 711
914 202
457 269
807 533
297 212
705 247
335 308
925 970
782 877
514 535
297 450
809 177
331 437
633 789
425 696
636 664
969 315
81 683
5 214
235 174
777 133
382 211
628 655
974 951
131 891
304 357
68 454
841 66
608 691
715 617
330 473
745 510
687 391
232 711
983 556
400 981
141 543
220 56
31 496
489 73
966 725
769 143
409 776
855 327
785 677
237 620
534 141
167 833
423 475
371 986
541 572
931 284
438 316
560 114
797 379
944 145
481 987
757 313
267 391
589 249
846 216
115 334
190 284
603 37
720 56
593 15
955 608
360 246
858 157
566 346
659 356
53 189
146 369
129 581
403 418
229 988
751 827
934 361
864 661
303 298
643 713
660 745
242 424
763 118
105 864
635 988
259 321
387 148
925 652
51 35
658 9
558 534
179 135
588 857
257 721
296 105
745 926
321 682
710 332
326 69
109 587
22 194
539 84
478 256
705 332
83 464
264 211
452 763
552 201
572 148
918 853
746 987
923 290
597 711
28 582
323 622
305 975
73 123
349 414
634 316
913 665
642 121
76 797
899 346
597 537
174 330
656 69
279 661
673 646
301 829
267 117
968 454
234 389
595 169
154 545
667 375
432 131
660 363
898 416
992 331
367 61
205 434
635 709
542 883
745 133
357 119
124 326
932 583
384 981
901 656
868 837
870 319
985 551
893 246
307 719
860 481
400 615
310 966
648 689
423 360
565 348
542 45
122 722
637 241
786 611
218 33
806 614
882 248
664 443
435 187
527 264
844 188
113 910
358 305
8 270
963 790
910 307
434 472
352 619
767 607
646 281
104 358
674 974
894 845
933 835
882 813
462 456
591 951
230 769
126 744
342 915
725 38
109 892
592 346
166 205
919 257
499 800
635 476
254 907
325 932
450 580
567 672
416 767
737 669
44 739
107 133
515 938
308 948
607 304
667 231
192 133
505 322
418 603
560 656
954 488
828 385
906 631
641 799
230 431
805 959
573 435
940 858
577 560
979 900
600 463
528 92
965 185
880 591
519 278
611 753
560 845
834 677
262 261
301 801
762 70
107 606
702 526
671 248
79 803
384 2
477 483
557 129
427 996
142 633
604 188
641 174
492 646
275 344
738 822
280 194
561 855
265 146
98 421
345 412
16 716
333 323
752 865
328 605
882 28
241 236
786 982
240 420
259 618
351 496
541 64
673 456
401 269
61 827
652 834
946 611
145 284
87 523
787 177
203 22
705 968
118 167
890 324
269 159
61 53
204 948
406 344
563 327
364 178
985 651
627 844
956 814
481 394
136 315
999 968
508 670
714 840
382 986
199 768
439 305
921 562
26 342
200 545
398 526
738 197
369 686
5 1000
689 911
905 730
500 205
283 730
440 16
804 424
537 755
511 272
11 714
97 36
748 381
978 421
76 703
936 143
847 123
25 432
154 168
442 75
499 406
814 995
177 430
395 115
676 960
751 396
515 322
223 807
292 241
836 142
486 259
122 874
205 489
305 10
237 536
58 253
684 89
941 156
63 876
637 87
531 566
159 409
807 285
259 795
298 831
685 833
924 543
262 914
891 468
858 279
345 504
475 845
114 7
631 494
902 194
130 138
640 509
270 296
309 206
206 638
474 595
160 146
677 595
553 989
830 435
434 480
933 906
806 136
240 351
411 944
798 572
400 431
965 220
61 944
868 288
852 941
892 446
916 617
16 813
881 171
754 443
369 927
282 830
925 600
195 807
415 766
199 855
662 533
644 992
113 402
277 761
444 30
753 706
993 307
666 715
829 173
317 889
107 77
783 588
97 215
944 616
139 470
547 469
982 996
222 953
153 214
790 26
519 696
758 910
119 748
176 800
84 681
966 574
989 250
200 41
870 167
267 72
859 658
825 550
399 639
135 81
964 63
529 526
324 414
567 114
570 466
127 555
935 750
258 572
133 688
891 908
673 987
308 759
876 882
861 359
20 102
6 81
674 487
471 447
254 565
898 767
133 850
741 13
311 527
246 532
911 148
436 52
646 163
206 602
872 82
1000 423
303 324
431 371
952 74
882 774
117 523
523 658
28 108
981 946
929 735
568 9
991 9
539 408
697 724
790 523
634 232
83 354
394 942
568 726
252 839
348 646
165 840
818 930
141 207
184 846
260 739
83 64
413 719
396 483
624 236
642 455
864 347
444 503
687 309
927 506
250 222
279 551
173 96
874 255
793 627
270 533
182 214
239 291
702 905
594 238
334 13
909 573
823 91
310 10
883 244
777 679
832 566
427 874
745 251
858 570
110 423
475 102
538 840
82 316
525 672
104 796
90 851
773 104
384 982
367 173
99 515
704 751
9 301
797 350
86 783
163 530
972 740
760 694
669 260
797 463
600 991
711 649
267 560
346 27
405 553
494 147
450 77
124 148
659 131
575 63
887 249
778 287
372 858
325 752
911 25
753 253
610 606
368 349
450 879
235 527
919 809
335 402
511 682
293 483
886 802
722 835
246 397
764 330
934 116
739 28
709 956
467 321
605 763
853 651
669 618
794 149
827 542
477 921
444 198
370 220
286 673
88 168
687 945
364 365
511 238
149 631
740 912
690 189
377 142
875 123
499 671
524 820
373 378
419 783
784 969
542 656
249 821
806 510
32 323
36 253
115 860
6 989
712 778
624 502
951 117
438 40
708 350
461 765
802 775
585 493
286 407
152 240
333 825
765 140
380 878
962 216
453 758
440 683
99 942
338 160
427 999
983 170
587 837
698 54
66 377
773 440
632 302
523 511
858 304
419 664
42 325
629 655
426 164
669 232
764 170
795 572
638 727
270 333
769 690
265 115
484 833
582 910
15 59
61 713
777 232
743 941
544 749
707 363
178 615
674 864
108 740
976 376
449 24
947 777
434 332
425 23
956 461
815 262
249 443
835 604
360 636
179 32
967 75
643 401
577 181
597 186
383 594
781 259
378 896
490 582
408 877
28 378
947 84
269 64
363 109
291 920
473 989
112 171
574 469
10 880
27 946
376 827
411 275
263 114
740 948
874 47
948 729
201 116
712 862
611 929
466 400
196 313
433 89
913 727
763 29
404 942
704 252
945 198
158 757
72 886
895 334
276 352
319 386
211 269
509 112
922 321
391 902
304 40
638 55
822 430
626 743
495 50
710 759
341 664
409 778
896 219
185 132
480 600
834 619
724 683
15 712
613 221
727 69
17 988
734 867
418 373
536 16
4 222
189 566
427 225
677 705
125 900
308 100
182 17
96 758
130 734
894 936
293 345
20 391
616 124
262 588
697 477
330 734
320 472
139 956
156 118
530 327
138 680
434 195
877 173
957 245
939 534
908 991
691 409
395 756
506 209
587 24
994 122
481 405
838 427
396 154
848 731
433 155
658 852
171 811
351 585
689 938
619 169
378 745
733 417
1 488
37 506
887 952
357 925
510 117
516 616
280 720
923 614
871 100
489 190
879 506
70 397
590 756
615 671
487 205
841 930
881 893
186 105
975 299
337 131
319 311
637 25
163 795
719 822
135 481
251 562
641 244
202 212
479 979
158 316
792 150
332 247
759 696
741 157
423 218
949 64
553 943
566 47
699 633
759 297
122 926
299 430
809 582
204 136
902 969
322 223
14 185
548 977
846 666
351 88
777 433
144 626
314 756
77 313
425 111
192 878
670 599
529 353
2 483
296 220
264 314
455 991
490 670
37 43
464 801
287 742
678 300
59 476
350 333
193 406
654 261
35 343
74 179
314 642
477 86
304 423
486 908
712 548
269 874
770 177
666 462
581 209
747 233
841 124
533 926
537 347
371 237
118 586
909 939
824 937
571 180
935 943
614 234
599 514
283 848
860 46
642 153
771 551
8 869
651 205
599 755
256 115
274 442
962 948
815 971
306 821
147 267
150 642
690 911
765 457
432 995
972 741
294 505
223 429
25 596
778 58
17 932
824 340
492 578
163 738
424 930
445 685
262 746
416 198
24 75
268 962
296 496
734 597
200 716
288 916
467 578
522 793
556 662
134 579
928 208
142 22
865 651
536 917
556 552
320 256
221 576
331 128
153 672
540 980
613 570
399 723
875 463
748 855
386 806
355 407
429 900
72 671
514 554
397 102
880 54
623 742
450 713
70 476
26 368
687 5
677 63
112 287
49 258
891 519
9 795
309 880
1 423
273 442
741 861
944 561
525 76
933 791
453 177
699 313
37 434
296 756
6 579
44 402
707 722
46 448
842 291
598 104
166 873
358 449
31 37
803 84
495 168
906 855
710 645
92 164
898 275
806 975
618 108
498 478
688 114
818 638
564 685
584 35
677 970
443 835
44 211
547 774
785 909
509 687
534 512
21 691
824 757
661 387
464 399
284 442
892 71
310 706
217 35
192 537
105 982
618 947
503 215
289 453
759 591
881 419
937 465
901 182
524 840
482 494
265 300
144 555
167 429
445 75
123 337
261 868
933 246
786 394
921 790
60 358
355 290
353 316
964 990
58 771
455 263
277 739
942 751
653 840
681 7
363 160
666 757
922 795
939 715
689 572
11 236
247 534
899 105
224 325
888 684
248 331
110 945
236 660
199 544
645 646
854 623
260 676
139 317
298 887
605 130
386 334
818 333
675 300
768 602
14 894
760 196
466 179
548 181
237 756
813 87
934 877
307 767
33 749
909 580
381 53
404 124
99 892
641 31
320 44
906 941
284 585
746 300
485 216
687 47
72 307
76 491
591 388
302 925
