970 1096
678 804
664 520
361 933
400 127
689 512
678 74
142 615
151 823
449 4
536 461
229 751
594 412
922 817
360 774
49 78
313 700
803 165
406 355
151 339
105 827
257 598
373 123
539 495
484 680
696 538
476 483
886 480
398 64
194 438
880 341
119 495
275 279
154 496
110 329
466 439
131 386
331 521
654 398
943 490
641 335
744 425
63 859
720 704
848 474
238 131
325 56
804 560
415 138
20 694
938 671
963 802
687 717
703 174
570 692
243 829
745 738
268 410
84 219
495 458
546 311
933 271
946 959
351 803
642 603
246 593
33 799
369 741
821 84
935 117
800 799
312 391
658 194
77 314
413 224
693 584
686 934
28 802
336 272
244 649
641 713
742 876
139 413
551 776
236 822
788 906
373 57
16 299
943 706
119 266
599 721
23 860
208 685
131 705
293 626
471 66
719 540
510 144
566 961
485 833
531 778
631 20
246 38
349 214
642 400
385 664
700 804
638 21
851 927
699 943
718 561
720 215
433 895
929 923
906 827
846 345
223 579
264 180
260 320
483 558
320 160
508 817
343 480
469 257
864 362
602 762
413 138
660 952
298 601
304 765
32 261
41 241
693 208
674 408
128 163
151 653
201 360
432 71
108 542
659 776
526 220
197 644
505 51
481 460
950 731
479 441
317 949
484 443
34 468
354 23
560 153
817 803
536 909
597 421
961 892
956 384
800 318
947 714
550 563
634 943
660 57
889 753
608 206
649 296
843 342
749 646
295 517
861 536
213 811
416 756
517 316
801 639
650 464
565 563
134 435
294 740
932 383
170 241
775 897
531 368
912 670
137 456
79 32
258 906
862 491
963 656
101 788
496 672
392 61
852 904
185 757
578 206
22 384
443 189
258 135
65 245
883 617
198 135
755 772
681 885
695 342
62 866
236 243
693 419
935 532
963 159
348 335
560 666
75 543
536 491
27 476
797 645
286 45
264 88
66 878
481 726
68 840
668 970
601 197
332 647
22 335
691 784
453 558
699 625
201 177
865 796
505 194
73 357
69 156
20 868
100 478
207 588
449 2
826 59
315 699
703 787
896 339
965 519
521 220
117 35
149 766
439 899
962 652
325 239
782 96
2 258
732 77
327 189
540 857
760 24
71 745
607 124
67 194
297 931
940 686
714 17
806 619
377 83
228 529
968 319
383 844
824 429
145 217
101 771
376 65
754 99
221 826
343 647
401 719
271 204
29 111
896 719
503 419
592 285
382 904
540 382
350 615
763 589
51 514
70 770
740 473
120 631
842 570
766 243
211 920
172 424
544 445
243 11
222 480
578 250
204 364
386 563
391 280
640 404
764 445
8 175
876 902
549 654
45 636
919 37
759 527
149 715
52 580
188 499
527 251
395 266
17 956
913 42
836 306
210 837
549 43
207 832
854 336
819 144
14 217
800 806
752 379
147 921
66 300
117 720
805 565
19 138
637 271
357 354
672 266
346 655
628 130
280 957
839 559
106 945
955 693
761 919
274 68
306 767
306 477
28 788
442 811
716 446
481 263
93 622
578 275
202 118
427 459
674 477
55 144
728 18
889 31
774 235
278 662
335 767
527 843
726 425
99 156
249 367
102 501
519 311
124 887
793 764
642 826
452 678
934 861
838 651
420 911
207 920
580 817
952 890
816 169
338 317
703 621
284 206
74 641
734 62
5 438
315 185
7 744
588 821
185 71
946 461
229 439
18 652
106 743
740 641
895 933
420 433
197 307
220 277
412 463
516 758
880 244
936 346
549 327
655 887
617 500
903 332
1 781
219 242
768 274
154 9
947 197
298 535
668 654
568 535
465 951
381 526
557 863
147 510
102 563
39 323
506 85
546 646
593 201
242 299
902 864
162 193
856 906
913 856
429 569
801 170
223 291
344 299
699 777
83 555
848 293
263 692
30 794
202 459
799 231
368 166
487 803
534 300
513 551
91 556
339 763
750 301
905 808
747 225
693 778
755 878
211 214
262 204
558 546
363 428
55 49
53 408
455 468
558 92
601 785
193 126
969 360
36 945
859 806
844 600
643 968
455 357
61 322
673 499
822 774
364 75
510 481
762 326
438 497
702 909
683 932
632 695
74 615
520 630
176 564
851 429
821 67
594 560
320 299
409 491
151 303
65 487
851 417
487 278
959 417
448 310
575 326
960 160
488 909
12 686
934 445
763 533
486 924
770 628
307 677
208 65
864 550
706 630
310 669
833 429
411 895
46 585
134 250
905 550
962 68
123 299
87 62
183 496
784 383
745 35
391 56
861 576
277 291
649 530
435 345
224 741
153 513
532 8
559 419
2 801
475 194
808 805
7 951
592 583
911 524
474 568
540 740
457 814
60 116
226 328
367 446
127 933
589 636
368 151
738 266
375 579
625 67
914 956
899 407
119 443
788 432
709 2
65 961
37 195
909 25
338 589
688 47
88 92
205 666
117 60
208 101
730 296
189 652
788 652
650 249
436 435
820 812
254 953
671 785
93 954
302 72
411 640
932 668
338 802
134 230
4 785
47 65
173 494
394 585
399 466
708 280
74 605
947 695
26 787
599 39
685 541
459 592
277 139
28 735
932 60
631 511
926 757
937 141
224 249
413 431
511 718
61 259
242 932
858 137
809 791
214 114
229 629
141 553
146 107
114 832
34 29
942 738
138 657
297 559
290 949
419 161
773 952
512 172
833 333
896 933
885 613
325 320
234 224
459 365
79 826
422 584
621 120
810 429
597 599
433 673
59 90
509 939
625 694
159 282
901 522
892 153
445 368
37 830
271 101
227 578
20 121
904 546
747 478
278 219
341 700
197 811
938 531
764 790
122 172
251 240
934 372
685 328
45 606
542 164
340 847
790 606
904 741
245 389
783 923
60 228
523 967
327 826
792 913
873 616
523 668
462 529
444 199
176 835
549 575
308 262
245 880
885 299
5 950
798 402
284 761
437 813
114 618
135 686
317 199
126 533
964 168
495 212
319 46
273 327
906 140
856 292
241 180
851 802
405 31
472 211
538 292
970 929
935 507
700 749
958 388
111 47
362 617
369 876
430 587
755 671
350 666
559 791
581 112
846 88
901 24
266 940
343 468
512 806
707 242
474 222
64 903
436 232
315 383
377 232
321 271
123 253
214 611
966 547
643 780
784 74
18 957
645 486
124 943
51 25
572 449
189 589
222 756
236 605
176 718
274 757
686 2
276 241
381 805
130 625
288 732
231 931
477 476
489 347
499 60
80 926
820 895
785 705
710 926
882 733
653 271
336 887
178 863
106 384
956 537
421 733
14 406
19 73
859 411
438 571
504 6
219 597
110 774
183 515
148 551
864 720
878 639
345 707
481 877
956 621
678 356
204 663
107 205
860 198
571 470
311 943
861 838
744 608
466 812
682 692
634 259
660 897
415 887
479 794
822 14
172 101
197 620
38 162
289 422
284 544
565 741
723 897
168 912
70 368
724 507
381 763
827 736
440 350
902 681
529 243
143 920
52 278
75 34
582 223
902 309
668 424
871 676
909 113
785 163
460 381
229 513
753 272
256 93
570 881
950 194
168 429
91 844
911 117
966 831
418 820
414 875
747 238
400 663
19 412
574 882
659 779
469 947
460 724
230 710
889 69
506 445
819 451
712 366
967 119
218 243
190 493
513 509
106 412
845 546
182 532
215 165
472 509
646 680
303 155
632 934
695 457
638 298
666 331
718 896
527 435
153 158
99 885
120 533
102 913
775 777
660 346
968 272
863 648
488 108
728 934
111 799
357 88
439 425
744 606
122 478
268 655
540 336
675 711
141 682
869 253
320 439
880 954
789 697
413 159
622 517
881 551
122 608
339 218
139 106
79 778
457 658
629 207
547 179
88 744
548 216
541 388
365 159
457 509
801 410
456 150
138 934
273 33
752 919
440 778
602 517
85 863
145 919
968 620
647 619
395 530
251 9
169 935
428 2
37 612
581 543
281 304
590 946
786 730
170 824
384 261
718 256
329 900
895 131
377 565
668 135
21 675
322 550
634 141
718 881
585 750
146 716
628 632
173 452
497 903
586 243
403 901
641 914
253 451
200 456
950 871
185 961
280 215
415 867
499 682
153 355
966 37
922 534
415 424
721 44
529 828
674 754
841 621
172 103
136 512
531 59
121 940
889 231
193 680
440 40
235 327
938 532
690 914
629 102
170 726
59 354
445 432
74 452
331 7
145 275
721 155
448 538
346 257
959 891
475 530
770 459
602 748
65 325
198 162
9 197
709 951
928 509
965 200
885 302
115 137
605 344
240 543
338 284
179 391
323 609
496 349
245 126
164 474
318 879
318 624
572 909
686 866
225 448
166 558
278 744
51 681
168 717
856 786
645 889
644 112
530 261
419 927
551 497
11 760
787 692
704 322
61 272
212 294
423 174
31 936
968 471
671 9
214 955
167 945
211 707
473 674
962 874
115 180
292 608
915 936
72 241
820 854
888 540
954 791
837 716
80 923
91 177
959 600
619 78
707 669
723 842
264 250
371 552
597 756
206 330
232 301
892 523
481 45
7 486
14 654
460 947
550 672
472 558
894 666
122 361
203 469
569 234
641 322
899 488
392 515
435 937
53 128
957 32
508 451
840 553
427 343
790 745
846 431
26 199
64 645
668 952
943 679
740 477
168 941
47 386
702 814
691 580
461 674
214 527
183 706
134 628
256 837
775 625
257 285
311 888
557 693
751 442
629 718
268 716
493 507
26 929
535 746
475 565
927 672
442 137
124 131
80 641
155 771
882 390
195 454
421 497
554 800
956 583
114 350
335 528
869 3
491 816
370 311
812 916
919 656
963 902
473 382
107 572
91 774
654 776
283 715
946 9
721 951
553 851
327 183
230 549
26 148
83 600
549 164
763 577
173 856
308 877
325 555
356 709
313 69
716 743
482 282
664 965
386 673
859 528
292 812
658 841
228 210
242 392
375 493
819 20
259 347
