1000 9894
105 333
273 617
660 3
185 101
737 775
705 622
119 308
502 676
673 136
931 761
808 881
627 321
823 447
152 649
228 412
915 838
68 613
472 870
492 281
797 351
373 554
544 266
372 915
76 378
393 306
273 804
658 956
321 48
963 609
325 600
535 565
627 524
776 92
373 844
445 111
84 273
872 489
369 411
97 922
812 793
482 212
191 684
363 187
537 770
437 876
799 646
130 94
840 845
987 702
371 129
386 897
64 107
853 293
31 953
657 506
823 397
678 400
280 409
177 157
103 176
454 323
183 899
538 190
600 363
379 956
106 156
503 946
453 137
1 280
205 728
724 788
282 355
653 304
343 334
179 665
537 495
258 280
576 259
760 224
875 753
968 429
845 921
858 55
357 207
214 584
931 176
39 393
771 603
958 603
352 65
998 328
285 275
784 478
324 303
628 253
135 864
124 428
306 993
155 952
671 464
472 548
327 670
78 698
699 523
712 176
812 298
322 58
108 527
372 465
899 694
568 837
575 5
850 516
815 618
337 735
964 524
786 796
297 654
113 112
898 910
377 715
982 120
251 238
535 1000
386 545
169 183
77 614
666 94
873 735
844 456
977 681
999 556
725 267
532 541
807 677
157 781
856 437
179 136
934 808
130 896
888 518
567 718
677 26
279 757
370 968
403 833
852 855
473 728
457 646
268 65
533 699
623 931
520 810
405 296
631 628
513 260
749 521
160 86
867 578
686 10
101 554
687 311
818 130
112 545
443 203
818 277
604 440
714 322
441 478
701 584
150 310
525 698
466 891
710 670
991 870
715 884
413 864
521 863
650 701
813 159
51 904
984 883
245 519
495 117
391 862
160 528
877 637
750 757
471 492
937 824
609 715
537 150
556 86
454 619
30 460
154 718
383 994
665 762
78 417
17 923
935 67
532 253
699 644
830 510
868 53
707 369
820 176
125 572
454 914
42 16
189 351
942 903
502 910
930 547
968 754
626 466
790 715
386 517
873 699
14 5
17 487
92 829
57 550
98 138
207 540
744 680
193 166
285 718
1 875
834 425
822 890
913 62
169 478
814 270
563 10
566 899
435 447
398 561
242 926
330 171
386 73
648 268
903 556
83 497
302 77
361 759
861 162
415 332
528 433
710 73
89 945
10 104
510 35
850 324
391 254
321 707
837 90
966 374
179 672
730 699
516 545
665 233
614 260
137 896
185 227
193 780
104 604
67 336
502 359
73 711
555 711
314 219
172 13
245 961
363 917
82 685
626 592
917 165
21 464
189 846
150 572
65 704
752 902
548 455
864 788
831 368
707 190
476 326
546 224
802 86
198 823
750 256
20 143
866 986
422 303
108 199
324 517
474 182
392 253
328 40
731 31
323 455
18 363
682 770
248 946
394 550
514 971
499 706
54 480
682 149
477 567
8 444
887 76
209 621
619 754
549 707
731 736
53 404
610 979
863 487
593 647
521 98
692 253
584 990
680 541
717 542
978 798
27 150
869 931
914 226
494 856
795 109
135 644
544 171
286 880
715 402
364 316
19 619
580 796
597 922
1000 972
532 811
236 661
904 535
706 917
603 883
305 20
641 594
163 434
145 611
58 324
684 528
442 231
756 617
581 168
174 278
487 373
605 50
571 142
241 871
764 661
908 351
253 152
860 96
515 327
490 18
733 799
591 353
6 217
194 601
855 300
768 1000
896 221
664 169
457 749
319 243
46 921
960 996
642 608
186 292
7 854
871 663
416 289
180 314
933 708
381 391
919 785
744 149
941 613
375 169
677 719
492 395
605 902
697 114
38 138
275 196
1000 458
445 140
533 975
321 134
405 17
269 478
644 318
907 409
584 521
373 730
516 531
692 34
576 692
478 127
142 182
623 571
832 468
516 760
855 660
435 217
623 680
187 162
563 213
150 298
382 469
515 854
18 674
286 39
240 356
596 139
300 568
819 492
322 812
895 185
73 242
435 503
754 747
558 843
5 969
173 343
466 483
283 699
295 708
995 636
586 131
679 925
954 431
735 614
991 904
211 442
528 8
965 237
737 134
440 518
614 204
913 281
771 973
976 585
390 405
873 471
983 782
111 947
105 14
106 337
785 810
115 107
836 236
641 442
12 765
800 564
546 40
105 296
177 907
731 108
346 2
309 190
350 586
721 86
481 809
375 141
893 304
630 653
665 575
427 348
284 483
30 651
582 980
531 930
773 33
9 908
602 21
397 269
850 960
91 536
634 902
544 390
735 434
51 182
825 419
17 80
919 505
153 714
744 845
565 417
144 899
236 25
734 296
992 711
286 84
946 264
585 600
839 215
274 653
153 996
406 502
210 527
47 384
896 908
519 874
114 863
649 568
500 324
139 614
106 991
537 575
594 568
353 110
814 205
961 623
250 478
141 349
179 982
236 733
500 84
850 353
634 312
267 395
54 881
609 14
206 172
278 777
573 871
358 475
324 223
864 444
976 678
573 540
352 128
120 156
708 357
211 711
399 604
566 981
81 855
764 588
565 525
56 627
37 976
756 408
115 16
977 413
962 619
724 638
747 567
531 514
573 71
896 133
971 763
608 159
220 685
607 963
974 450
812 489
940 182
389 328
157 188
323 204
402 709
96 594
246 964
63 54
929 188
803 583
678 593
953 54
256 258
208 11
461 503
209 358
686 784
781 856
985 709
899 661
605 668
248 919
906 471
670 260
817 752
307 613
285 826
89 169
751 859
437 751
733 257
319 719
454 802
574 115
924 6
857 221
531 156
122 515
44 953
339 655
910 192
342 518
398 788
348 583
865 619
540 69
762 981
598 311
191 743
887 687
88 171
306 222
936 121
594 653
480 888
832 58
631 682
752 683
550 660
218 933
836 635
810 737
570 286
723 192
104 180
121 150
32 673
16 102
789 437
37 432
884 885
37 491
983 366
784 91
949 703
841 30
756 175
386 283
598 866
858 763
822 342
36 335
510 258
849 404
728 567
582 438
949 593
750 112
684 482
758 663
211 592
596 28
752 95
823 809
609 357
975 658
462 323
985 918
159 417
592 720
759 604
744 299
685 357
217 685
310 934
774 17
565 948
142 671
147 7
25 679
501 670
191 246
274 254
609 801
318 230
949 311
697 454
184 239
991 172
999 657
156 109
35 836
471 932
330 776
97 515
748 806
108 389
355 292
856 511
992 655
644 8
903 877
66 544
947 89
452 537
750 169
652 386
448 224
527 962
6 916
474 864
790 272
294 611
316 431
227 604
391 319
247 641
892 858
736 482
553 236
611 930
67 896
197 13
365 967
991 919
50 584
961 704
374 959
514 112
685 249
462 18
106 98
141 583
951 90
498 286
760 53
353 737
906 841
138 479
763 954
430 607
590 953
2 702
189 992
775 25
671 216
413 248
231 593
384 946
457 748
30 978
357 395
253 362
402 762
423 16
315 907
523 174
673 797
694 949
626 855
609 611
511 971
910 717
364 703
479 178
772 726
755 310
648 988
65 894
375 89
553 362
747 938
553 961
406 943
356 314
268 900
388 509
62 236
467 540
657 956
307 199
515 554
704 612
551 344
592 151
131 277
188 322
830 145
777 491
320 330
374 61
875 504
714 950
880 402
201 701
389 614
853 449
636 951
775 76
277 517
153 527
135 747
869 855
602 626
562 292
671 602
162 950
260 994
184 626
136 569
378 756
53 988
930 909
576 103
944 763
770 982
927 258
44 762
621 203
75 653
474 521
595 35
888 23
427 757
34 305
589 513
534 386
225 474
959 384
390 394
357 205
656 380
159 347
264 431
555 526
902 497
797 709
343 31
310 844
238 430
121 891
512 458
220 633
756 687
538 530
872 440
894 745
327 664
674 77
5 925
829 950
426 123
141 178
262 878
142 855
125 933
143 58
705 761
885 923
228 434
304 567
855 37
989 973
800 898
782 278
450 775
248 313
308 409
57 927
446 299
783 232
147 218
598 185
55 957
584 791
951 907
364 103
10 981
395 533
553 505
844 680
517 350
597 992
306 59
179 827
398 603
149 607
645 570
541 761
283 745
840 762
624 145
329 123
406 244
903 603
5 812
444 284
482 587
512 844
620 229
537 687
462 168
709 485
690 503
822 728
610 318
826 396
550 973
510 231
405 121
813 12
254 450
390 487
139 37
37 846
849 312
388 716
941 488
103 971
160 675
840 5
824 650
219 192
936 760
422 551
619 37
836 81
307 677
592 757
52 407
950 376
73 285
350 660
242 5
99 660
320 839
543 763
565 863
200 529
696 917
53 156
204 88
178 639
901 457
914 714
200 719
578 508
674 971
61 899
84 484
545 862
599 391
468 891
506 50
491 298
643 441
660 633
365 269
313 658
498 686
448 487
305 546
86 425
930 771
550 88
374 172
700 685
445 262
679 525
60 163
244 896
250 273
72 212
554 969
520 889
259 239
23 158
67 657
634 123
529 253
73 137
680 127
97 19
83 96
214 970
783 817
755 594
50 826
162 704
948 999
989 141
936 807
443 233
279 583
517 69
193 770
586 811
619 652
741 653
779 416
817 117
49 195
34 377
189 987
241 616
634 942
267 229
414 84
966 521
862 854
955 336
439 547
869 186
244 658
121 834
125 154
487 791
294 393
153 323
726 396
674 43
215 905
107 768
146 656
444 684
699 964
276 883
155 610
321 414
963 987
252 114
768 219
705 123
271 56
111 313
95 708
920 774
886 753
99 257
25 678
744 202
686 813
442 644
907 512
824 648
234 788
494 290
354 433
82 864
636 95
820 150
17 679
473 101
60 515
31 333
228 843
468 808
127 469
881 49
162 44
296 377
829 305
338 748
506 86
144 957
491 278
18 922
271 508
478 16
212 420
312 619
269 235
164 263
874 664
787 462
815 96
178 167
330 122
501 979
540 217
101 829
463 186
504 841
191 875
13 119
785 230
89 753
236 256
369 673
153 844
960 76
1000 861
498 497
306 338
434 799
533 753
291 250
882 277
351 742
923 481
743 160
357 613
503 939
628 288
205 561
171 993
536 835
128 956
606 763
281 210
500 962
712 810
385 188
993 839
559 528
864 212
112 841
756 418
480 749
797 736
525 561
984 813
180 742
37 919
918 87
738 868
685 811
154 661
252 176
586 688
806 705
73 963
518 213
542 223
284 763
546 2
910 547
696 747
778 497
52 254
398 486
347 310
960 863
298 90
707 442
691 545
794 612
874 768
694 724
301 360
806 576
910 492
18 220
769 956
760 733
830 7
375 382
13 983
730 155
731 718
385 559
327 251
402 206
593 737
84 284
237 266
80 587
668 68
118 55
361 770
801 621
394 909
554 879
187 650
459 737
375 187
619 911
571 429
413 740
734 108
502 673
994 233
79 825
870 540
212 158
676 301
1 627
150 92
117 231
897 697
258 501
81 574
746 824
512 784
951 411
111 622
153 74
7 355
870 201
413 520
897 859
864 402
519 708
410 634
322 913
84 549
989 930
36 384
639 273
855 349
751 284
256 107
620 787
258 569
812 112
872 667
188 871
780 918
384 602
168 279
310 845
599 969
485 249
440 813
167 93
93 909
176 496
893 349
997 434
295 593
384 749
316 744
759 692
320 747
651 865
599 47
216 556
124 141
217 789
548 767
184 74
310 542
777 219
685 578
681 857
985 280
159 815
56 4
252 664
367 697
492 30
170 278
173 757
155 406
247 772
50 320
288 309
278 336
984 109
748 254
752 437
952 907
992 584
95 353
353 130
634 245
752 381
503 732
200 860
473 537
500 326
283 744
53 910
610 477
605 342
861 204
537 686
742 337
706 987
67 603
3 407
461 847
728 686
569 878
111 755
723 421
7 468
29 572
417 346
219 850
696 220
898 267
955 198
295 345
831 635
981 127
729 949
287 757
607 956
711 870
983 157
659 571
181 131
418 215
681 843
721 918
104 912
266 387
584 410
803 760
163 537
536 477
935 495
760 699
565 347
256 802
360 73
858 200
454 759
626 156
842 929
817 214
77 852
868 929
211 579
270 229
61 17
203 770
820 876
750 477
479 209
688 406
566 427
511 704
259 645
703 198
192 672
483 99
431 387
400 449
345 70
293 494
852 627
501 331
484 543
640 631
331 132
79 546
852 994
134 865
709 935
382 593
413 217
978 968
135 669
339 894
72 643
52 665
53 704
3 55
921 600
819 441
571 552
886 39
746 606
174 740
620 187
418 597
914 558
666 447
775 627
524 817
410 241
140 42
206 901
126 135
219 611
415 99
131 697
98 700
529 798
552 457
201 189
385 38
689 208
49 113
432 71
50 906
90 623
571 212
789 149
442 32
244 500
754 621
284 835
11 61
346 388
383 995
813 128
512 661
710 520
54 236
385 369
599 768
157 237
587 888
401 699
347 131
111 90
587 176
727 188
802 85
470 207
896 18
492 531
989 737
479 791
741 64
640 23
576 143
428 742
751 776
852 689
29 358
605 903
493 921
352 851
782 207
415 994
293 386
226 999
668 242
127 421
882 730
131 696
885 65
643 293
978 940
66 574
472 979
87 980
550 468
421 256
739 285
631 795
245 76
47 442
632 512
606 79
832 24
273 410
880 467
830 646
818 246
965 101
306 290
895 484
733 457
663 482
335 613
560 513
687 488
709 96
689 872
879 592
51 95
172 462
10 433
50 942
676 974
755 592
958 720
741 672
444 666
104 699
476 44
66 530
692 657
381 49
664 829
558 345
817 712
46 557
754 432
784 5
501 941
724 688
157 241
358 594
609 752
632 335
280 292
764 852
394 276
571 335
125 814
878 212
401 560
953 3
591 561
575 156
981 725
764 203
357 363
30 259
676 88
181 925
220 949
313 269
795 657
423 880
81 345
209 428
28 817
213 300
983 280
237 86
916 727
43 805
2 955
235 581
839 313
274 115
21 806
969 992
327 250
277 801
657 835
877 168
133 197
534 447
946 355
426 696
52 674
805 428
679 583
153 525
337 259
869 853
728 151
356 888
984 1
944 309
640 861
41 192
630 2
396 102
474 834
679 677
830 723
279 315
652 311
35 271
680 56
538 186
806 911
909 817
912 91
22 394
380 606
665 125
866 609
10 341
508 506
146 789
552 272
57 525
909 612
129 146
811 922
280 98
67 442
33 382
750 733
850 28
590 10
668 848
850 847
579 279
814 594
449 750
696 537
445 398
653 681
646 123
632 363
428 392
177 904
877 695
721 75
264 788
742 931
212 938
893 461
566 349
290 728
311 934
406 990
703 92
525 527
267 744
881 414
405 633
773 46
811 503
29 302
881 111
817 283
596 758
271 747
622 838
36 557
222 432
558 686
361 167
249 374
431 204
827 667
409 486
619 989
595 869
99 976
416 746
71 362
143 617
737 650
134 450
203 306
739 452
64 220
162 873
491 255
662 698
260 602
634 101
62 714
892 813
988 428
206 401
988 323
827 839
480 106
193 651
748 323
948 781
291 2
781 470
3 406
616 538
73 350
149 17
261 567
409 892
736 682
432 43
826 138
812 198
408 4
46 762
173 496
20 913
112 914
168 644
374 275
725 852
997 991
157 322
447 123
582 619
243 377
206 879
501 869
427 14
376 598
750 360
419 738
547 766
219 273
522 32
191 223
262 867
696 787
234 830
91 859
939 137
816 604
965 794
810 118
811 467
893 365
246 276
392 35
1000 280
931 646
257 805
144 708
164 527
972 166
496 706
367 732
507 635
868 279
83 953
259 418
478 58
448 505
960 324
261 899
322 625
714 863
731 983
398 906
249 108
835 789
417 840
624 32
607 313
844 605
719 403
176 561
213 634
272 100
880 777
330 294
24 965
277 285
44 504
409 141
637 919
269 649
780 446
331 848
63 701
64 373
763 693
948 993
456 511
257 242
22 434
998 91
129 56
438 34
386 393
955 593
552 37
998 42
637 362
908 262
656 311
695 78
366 832
37 864
115 64
333 137
30 251
767 584
185 882
724 669
241 443
965 60
134 228
542 225
376 626
676 623
167 100
595 537
797 429
265 228
169 576
901 415
835 151
468 596
565 34
103 935
540 736
952 4
481 537
895 764
421 203
613 871
940 66
725 285
839 485
421 92
939 403
51 604
218 271
618 862
133 219
472 459
899 846
437 787
605 118
922 757
454 820
670 803
430 452
567 669
325 786
201 796
862 75
644 922
813 637
434 330
164 231
979 218
875 93
72 926
5 866
250 533
127 841
187 44
401 984
766 400
197 155
37 546
849 612
870 178
393 526
196 453
932 337
239 353
633 302
766 114
750 599
200 111
399 401
78 80
760 935
686 403
681 943
107 960
328 819
704 702
746 297
522 870
741 18
742 821
862 947
730 805
57 53
794 978
569 466
238 231
904 425
190 74
651 916
708 899
438 396
105 594
693 113
146 404
990 557
912 867
765 607
436 381
243 877
869 737
247 141
104 421
503 295
198 467
19 316
682 4
187 942
960 750
887 477
246 463
252 596
952 770
436 403
517 753
829 452
986 545
145 7
537 773
240 899
481 431
400 185
70 59
113 560
545 727
256 957
182 560
934 995
995 531
304 398
233 504
668 856
993 22
98 754
279 427
339 132
231 946
468 480
279 965
590 591
771 787
370 530
577 576
894 193
92 75
370 613
499 123
55 711
728 579
582 354
508 507
474 647
236 810
662 330
903 52
907 49
981 272
237 612
348 259
113 641
647 51
512 350
875 530
328 815
58 152
209 92
998 476
321 663
358 639
81 419
294 471
100 386
251 790
345 477
454 649
881 691
664 423
204 416
578 757
741 135
375 137
123 208
312 1
885 858
460 137
996 43
907 586
527 429
506 315
825 197
789 610
63 333
321 102
892 251
434 447
792 553
646 452
431 94
717 593
187 970
919 501
957 162
523 792
28 154
69 546
642 727
457 320
757 981
852 831
123 653
914 294
308 553
477 910
136 762
527 918
713 674
173 294
451 668
676 323
595 373
158 533
54 730
76 902
956 162
480 107
443 81
743 234
529 816
434 692
994 620
917 313
370 566
940 878
358 479
604 259
490 239
128 870
55 85
277 75
794 295
135 29
769 227
438 502
976 553
578 789
358 313
660 860
570 497
977 401
689 485
432 778
20 1
549 260
479 940
315 95
252 250
471 344
846 828
940 321
545 279
281 969
474 223
863 603
664 387
82 1000
29 239
327 270
455 213
510 896
919 714
276 952
184 215
596 676
688 615
105 699
87 639
201 517
796 728
311 728
919 598
652 692
808 394
202 185
368 129
645 377
614 866
724 294
249 130
933 62
22 887
335 500
714 175
877 401
758 188
117 44
46 232
361 762
100 989
255 146
737 887
3 215
41 936
81 747
26 28
889 44
395 865
115 948
372 13
624 414
789 290
443 234
228 588
873 369
839 648
520 696
138 295
945 957
837 359
50 539
778 517
915 741
241 600
112 800
387 880
617 773
817 251
484 550
234 351
940 933
297 957
519 44
133 753
211 965
158 92
622 481
604 180
881 537
39 203
612 671
621 599
197 651
369 478
544 518
686 705
263 528
450 57
963 291
207 955
346 326
962 156
503 60
730 96
413 340
967 909
954 616
385 819
904 285
616 7
707 336
502 892
268 924
252 339
406 630
193 508
992 743
574 19
445 69
708 40
400 338
246 19
981 228
984 184
674 716
531 301
383 158
577 63
129 802
282 853
264 504
999 960
412 720
127 133
420 251
785 801
888 579
500 265
690 201
216 843
623 881
466 504
876 307
112 384
154 173
227 977
247 630
840 388
268 149
163 441
880 901
923 403
282 265
376 100
50 989
91 155
862 644
352 221
428 98
436 629
862 49
759 873
465 483
998 215
168 718
633 414
337 41
71 259
324 305
809 174
342 309
489 263
769 501
864 821
665 693
930 167
851 783
69 922
379 30
518 389
423 963
407 478
265 481
52 31
477 126
273 579
647 944
190 933
564 114
951 818
808 548
772 391
448 452
468 958
478 243
562 766
1 854
662 557
679 577
882 591
169 392
978 910
815 1
235 123
307 278
880 116
844 535
370 990
852 250
714 231
128 718
667 167
594 244
67 979
199 514
90 20
754 887
745 596
268 185
396 326
434 657
475 455
849 566
975 18
887 806
728 725
897 856
936 994
998 96
306 550
263 148
68 124
286 207
369 14
210 285
711 895
474 422
834 582
103 699
434 237
271 863
458 882
773 505
560 506
47 644
547 708
986 428
590 298
132 390
8 652
9 912
730 937
640 465
647 945
596 786
743 925
619 475
481 514
638 609
31 829
476 912
203 232
186 918
981 560
605 973
125 643
542 367
809 728
706 112
502 983
696 198
588 108
860 969
504 567
30 825
749 447
421 484
494 962
65 410
515 808
827 522
465 845
796 775
619 876
748 8
93 349
538 506
496 649
494 900
478 265
559 32
407 791
925 854
144 629
606 5
246 313
292 117
365 873
151 274
997 757
123 859
642 479
951 331
618 250
311 40
701 864
794 2
816 470
905 875
304 314
839 534
71 680
310 480
900 938
244 108
743 122
447 649
712 790
35 11
418 897
127 657
519 293
975 359
599 539
250 812
751 460
897 981
138 130
721 745
479 649
387 791
851 282
418 99
772 854
599 731
612 533
132 249
525 630
555 511
845 860
281 602
854 681
877 520
90 202
72 369
6 452
707 89
670 111
121 900
470 17
623 85
973 134
607 872
995 291
337 573
265 424
708 964
857 262
336 329
56 35
238 783
668 378
729 919
781 565
186 797
481 667
891 976
873 701
535 635
459 844
479 257
373 782
86 429
16 421
109 772
302 373
288 451
970 163
438 629
644 928
335 503
725 187
909 4
752 119
736 620
109 550
22 231
919 111
409 226
637 75
819 299
178 481
804 445
550 649
457 46
188 842
306 125
709 504
229 99
10 521
624 415
36 229
241 893
629 162
445 757
429 466
358 504
14 788
54 961
3 517
372 300
824 827
753 711
805 664
827 432
873 402
490 276
863 779
930 985
944 195
715 963
217 519
579 465
137 326
530 663
324 764
56 882
848 510
205 175
707 53
266 309
992 914
695 524
77 885
305 44
872 3
156 324
358 870
270 196
256 402
220 835
924 833
545 28
378 327
144 659
843 787
806 357
277 921
976 368
613 869
321 45
428 775
269 261
887 507
903 628
326 329
240 10
170 904
57 102
868 388
501 221
619 534
326 472
929 316
445 294
304 646
981 340
396 238
690 206
491 185
143 976
40 47
810 575
406 34
245 506
301 440
401 446
434 795
326 789
495 902
940 436
996 953
667 843
149 811
793 890
115 915
318 788
546 747
68 379
382 415
764 659
391 105
989 286
976 611
666 469
101 334
876 752
861 324
954 102
242 788
738 753
171 272
300 436
871 943
737 463
838 811
560 64
190 415
742 856
357 438
80 181
858 365
785 977
146 609
440 809
916 743
627 767
686 627
449 688
637 223
33 433
142 717
380 104
898 643
995 413
277 186
134 337
413 390
328 610
369 74
460 103
354 510
572 911
159 823
687 529
834 39
820 118
263 885
108 704
847 863
395 3
687 646
355 105
356 438
998 973
18 107
806 16
80 432
65 12
875 511
36 667
143 737
695 980
476 578
614 856
192 905
960 467
912 402
880 364
442 106
819 69
641 869
697 929
8 70
957 495
970 74
619 716
701 606
448 880
383 352
975 108
649 736
83 945
676 15
469 791
546 527
803 132
492 46
186 142
104 523
139 60
959 991
515 425
44 119
832 435
368 799
665 453
278 560
745 151
819 844
396 609
37 951
955 412
150 766
544 865
525 930
521 407
964 341
380 140
759 688
7 961
30 354
893 458
864 560
958 158
378 268
180 58
307 422
326 390
393 343
623 391
458 311
597 280
321 21
544 86
278 485
886 846
958 331
857 116
415 564
772 831
518 531
761 400
834 348
541 579
744 593
102 823
79 689
948 635
507 669
166 520
425 642
947 261
179 943
364 401
644 739
331 728
484 137
758 193
631 589
279 344
182 705
269 866
2 63
872 831
690 496
628 219
491 943
510 153
774 592
336 620
266 843
23 19
849 418
131 639
372 201
689 57
339 384
788 699
618 112
971 864
519 458
298 730
959 259
120 384
229 34
822 785
929 340
879 472
377 852
77 110
745 28
564 576
233 816
416 496
345 398
366 116
650 105
637 135
251 820
307 582
750 478
199 428
694 959
474 221
699 556
583 586
547 624
354 579
163 549
475 573
665 541
9 65
156 144
393 226
51 506
180 30
473 12
421 212
403 313
806 201
960 697
800 18
952 845
860 942
341 321
995 913
195 857
917 822
437 828
732 763
434 18
397 158
878 553
365 554
762 78
529 103
359 460
362 304
606 87
58 585
261 239
683 730
257 981
719 269
760 466
98 713
117 219
799 357
906 637
634 358
193 660
659 927
749 887
736 314
537 319
975 469
814 973
746 911
49 117
656 411
296 538
528 229
291 257
271 184
534 318
584 681
650 299
544 826
104 865
551 480
651 531
851 535
636 263
967 617
158 667
265 233
873 860
211 805
489 587
678 631
369 205
794 422
825 146
19 71
536 219
7 670
213 389
549 635
697 456
238 808
646 499
490 941
42 142
359 701
731 534
770 666
79 514
211 367
339 689
361 809
838 309
454 34
639 427
571 731
992 628
97 848
481 497
317 875
636 655
784 768
92 685
383 510
918 479
192 251
377 177
959 923
862 360
597 645
374 518
361 357
25 247
124 622
295 686
810 862
450 697
407 572
729 678
35 117
862 650
646 599
991 802
46 671
630 584
883 262
167 705
738 543
120 218
140 703
519 509
23 292
871 942
50 652
347 114
17 196
151 57
51 886
510 621
371 745
256 303
214 369
802 863
792 131
846 890
740 217
371 662
395 287
674 187
687 10
540 592
691 548
363 631
56 109
862 253
942 656
838 996
51 306
579 566
273 796
626 386
740 398
958 477
599 469
895 610
201 626
164 578
274 510
703 363
140 475
518 564
868 441
136 370
51 65
305 656
515 718
368 203
259 12
923 53
28 343
70 62
142 475
680 798
737 723
19 652
539 69
153 898
615 726
173 319
376 309
54 578
680 941
184 700
594 591
866 936
577 315
615 807
177 149
801 819
58 752
576 125
905 845
176 843
675 355
948 821
954 438
183 8
923 625
653 296
351 301
111 730
850 150
758 567
45 184
825 861
66 619
832 132
146 785
733 203
918 807
23 641
228 917
854 929
234 258
953 464
958 579
775 123
188 695
401 632
299 211
262 997
20 230
764 773
565 724
927 989
567 362
751 249
828 886
450 204
878 244
539 854
223 449
392 301
12 986
458 594
259 543
541 109
495 355
48 526
177 878
289 276
422 72
910 461
859 487
915 441
247 258
496 207
77 542
596 754
354 229
887 13
139 979
66 209
764 312
211 792
436 451
990 814
937 162
482 1
766 817
378 94
655 296
597 792
937 51
297 172
994 927
689 658
743 547
466 640
643 353
476 470
614 724
355 499
230 717
487 246
658 798
52 561
382 792
992 572
636 437
520 835
739 345
1000 779
204 141
805 174
553 157
585 779
187 395
245 433
102 282
28 601
700 23
72 985
935 832
572 30
577 688
137 771
390 703
72 808
311 91
128 351
116 49
639 103
796 709
951 107
903 132
308 53
970 547
628 59
42 930
774 371
336 651
813 151
413 312
926 334
310 179
920 227
208 341
355 518
561 215
986 364
432 458
537 158
828 939
336 425
542 137
48 381
232 234
985 556
806 514
275 438
828 794
959 480
655 987
642 722
403 90
117 802
647 327
912 896
811 70
316 632
192 566
906 478
705 679
166 30
920 718
80 347
320 490
617 388
377 751
711 310
695 889
511 860
400 391
48 916
895 570
92 118
57 558
338 867
818 651
15 846
911 694
734 271
511 946
65 356
342 648
221 377
609 127
485 716
545 547
417 844
472 273
421 760
95 465
117 41
349 342
486 982
13 478
839 982
383 426
330 290
128 886
331 711
453 184
789 446
953 58
885 165
838 437
552 462
182 136
885 455
651 147
443 539
823 84
323 994
953 415
46 344
992 499
423 263
408 100
119 660
929 390
310 159
348 454
320 923
409 638
358 683
161 237
437 8
59 522
446 222
926 68
694 206
146 650
676 845
793 401
354 617
371 701
488 511
622 198
548 685
678 628
256 485
699 587
459 302
612 504
307 978
368 740
683 95
186 989
226 670
255 537
290 911
973 394
703 225
10 546
268 622
161 666
791 642
538 855
354 173
584 966
783 302
94 187
847 923
773 772
479 359
526 68
661 939
506 195
126 744
532 733
516 58
887 283
924 263
642 829
969 698
587 199
53 815
183 656
576 884
795 18
136 693
73 222
970 84
458 854
975 138
120 910
118 745
32 708
679 765
988 263
236 540
918 62
656 105
31 115
894 169
35 116
295 574
991 813
361 390
333 376
767 778
457 955
519 367
722 121
150 502
334 83
172 90
745 296
708 420
430 614
570 453
918 907
337 46
564 795
232 260
984 819
257 365
422 609
314 374
449 680
299 246
59 547
404 8
391 670
643 247
43 237
544 950
882 687
898 641
938 338
316 706
522 21
337 857
678 656
237 192
54 414
497 19
995 492
104 139
360 789
858 60
566 485
369 217
53 1
669 996
714 735
215 638
506 625
133 295
407 328
502 974
960 738
190 827
13 802
278 4
878 644
413 457
902 660
912 404
160 361
786 501
643 260
351 925
514 491
718 891
114 819
67 839
31 928
162 945
325 131
326 228
240 869
391 378
33 836
378 767
253 993
269 892
613 911
936 199
701 857
103 99
231 942
822 759
897 812
690 349
489 164
168 399
393 558
814 37
10 95
141 612
36 398
463 645
77 358
29 707
876 726
793 190
655 544
536 344
936 658
757 506
582 659
603 905
997 839
703 869
320 882
391 531
858 254
734 837
110 99
848 440
133 1000
797 401
856 979
431 663
659 368
596 797
190 106
839 338
164 641
803 840
288 109
342 784
289 388
626 423
365 145
131 489
160 220
982 480
655 442
482 801
939 479
853 925
571 804
214 645
778 930
654 241
69 447
611 180
832 167
18 38
891 644
801 764
970 29
308 932
184 746
220 494
776 302
676 335
362 997
963 459
809 298
950 226
832 69
575 823
980 197
984 256
384 502
109 65
101 593
871 45
859 557
287 76
235 279
861 119
205 755
41 594
336 622
278 769
546 529
103 276
362 926
680 311
378 248
438 91
651 374
524 248
729 782
1 29
648 187
371 21
172 34
444 863
375 549
964 6
802 873
569 594
747 474
557 145
336 283
310 423
462 367
870 344
289 907
567 472
993 611
341 983
432 144
617 216
800 616
154 575
254 687
207 931
704 920
635 940
907 541
802 301
147 391
848 51
77 735
359 949
105 558
843 872
277 898
80 348
891 100
433 652
949 332
114 695
186 792
596 535
505 772
469 183
252 553
915 325
937 157
386 653
490 617
37 100
826 987
938 753
691 475
801 559
622 577
435 281
224 452
970 157
579 654
213 916
624 37
587 171
537 626
762 191
47 285
848 344
359 95
351 651
46 95
653 141
983 650
13 302
89 952
530 882
366 760
885 164
978 262
448 553
927 451
569 803
714 284
879 570
550 622
287 840
367 278
633 164
172 480
853 951
16 892
625 824
712 182
758 636
963 388
413 891
231 724
968 494
841 864
237 663
738 744
975 757
228 942
798 342
447 396
505 891
287 727
662 481
333 21
116 859
959 289
212 24
232 184
492 762
403 155
793 487
578 535
105 351
361 858
717 64
989 763
171 100
878 306
746 464
518 2
17 527
80 831
407 438
264 928
816 637
74 603
290 908
790 893
166 59
611 860
80 312
528 812
726 67
48 934
450 838
142 48
700 618
560 436
313 582
322 788
691 281
877 190
266 605
646 8
740 714
85 391
981 224
423 129
516 59
130 362
316 65
728 129
69 375
553 58
679 558
828 228
614 669
362 274
92 687
535 495
652 265
696 889
141 268
988 401
183 945
365 814
11 716
672 550
931 979
179 534
865 75
295 680
796 671
943 600
965 240
771 497
24 524
755 676
151 499
611 648
921 258
119 853
870 183
287 917
237 746
129 31
662 163
96 214
479 701
559 537
699 661
663 476
333 168
311 451
393 787
840 68
234 447
534 728
771 758
811 965
711 804
416 459
312 268
111 132
518 204
37 652
691 776
85 537
878 222
327 684
811 227
299 407
997 244
103 881
346 934
63 455
716 496
583 686
133 149
545 61
689 191
948 46
161 313
734 539
645 10
288 943
688 547
456 819
14 128
675 856
695 977
188 457
646 480
657 214
377 120
752 212
182 747
238 663
496 274
819 70
154 840
115 677
903 734
64 101
376 311
452 28
719 342
98 284
62 140
912 194
328 265
452 85
533 844
586 136
714 453
309 559
58 353
274 866
900 946
794 93
279 535
67 757
33 933
326 534
404 196
53 471
58 730
171 647
91 280
662 335
722 90
975 316
776 990
852 940
546 492
413 803
231 540
971 889
833 888
120 359
484 200
732 438
519 112
643 329
677 904
90 242
110 241
59 791
341 931
696 654
364 516
254 688
807 138
223 451
959 95
707 14
89 483
930 307
513 857
878 101
971 389
429 611
242 251
581 870
177 876
425 186
902 964
427 484
856 754
449 44
929 890
803 769
976 971
961 393
642 214
504 716
572 771
801 288
658 491
515 526
554 40
645 255
220 258
472 25
202 142
767 618
611 38
995 967
891 790
360 718
117 272
348 747
916 821
338 465
670 892
654 353
15 224
235 91
967 298
382 798
169 377
614 677
533 73
917 610
719 298
166 670
353 101
980 198
249 948
997 17
144 440
421 548
171 913
561 265
222 174
780 109
324 177
913 660
737 72
437 15
296 658
872 945
407 614
801 814
654 733
713 39
325 297
399 566
22 283
614 225
154 899
230 158
208 201
932 662
690 672
450 413
354 865
674 498
247 514
458 771
761 200
718 93
719 652
428 475
289 123
442 471
722 499
480 906
817 525
17 913
380 147
933 643
387 728
419 889
63 398
502 762
587 512
234 824
91 849
75 372
80 206
43 978
392 90
122 953
764 120
126 897
544 332
86 199
967 202
701 506
518 720
673 281
692 227
278 388
62 319
834 769
537 855
593 947
58 67
503 520
505 379
353 167
727 973
736 608
473 638
165 784
296 961
123 906
736 479
754 808
461 522
633 73
500 208
227 952
746 744
448 955
656 240
359 175
870 132
11 237
810 889
509 382
942 154
419 251
721 559
926 654
139 232
693 641
984 571
932 315
646 761
849 387
339 417
379 604
303 439
127 518
510 82
556 270
24 391
634 950
234 418
505 890
324 474
974 436
206 802
787 506
889 732
414 239
426 281
618 373
121 827
750 270
714 509
218 326
251 981
177 970
753 427
327 344
939 90
243 633
263 668
437 345
405 843
136 236
13 602
749 208
513 562
222 336
373 716
69 707
294 988
877 189
717 532
41 51
463 876
763 186
729 126
469 315
911 660
623 670
165 978
204 568
979 386
249 161
303 836
306 104
828 229
79 813
995 876
265 789
895 143
900 697
595 323
188 251
357 540
322 881
145 712
791 177
408 390
227 980
504 47
892 962
509 290
870 805
62 998
600 265
620 948
749 856
178 939
628 351
231 695
120 110
569 943
417 426
971 975
254 217
612 971
114 764
685 1
82 470
120 221
375 639
552 270
752 693
914 977
720 604
495 70
885 586
963 240
926 388
156 275
12 636
659 523
676 683
864 859
722 153
850 866
725 790
119 491
929 273
285 357
904 33
978 216
868 770
725 903
617 808
289 35
532 89
626 844
954 823
39 123
901 364
515 674
389 24
411 752
817 597
506 702
823 603
661 428
116 717
319 808
213 309
674 809
143 94
866 210
409 563
294 30
668 271
467 350
781 744
913 432
455 41
757 729
924 208
47 803
276 5
518 664
649 223
852 946
637 395
964 832
14 459
880 395
364 116
712 62
574 131
575 686
463 832
191 721
819 216
341 292
363 180
308 595
518 954
425 793
524 515
896 954
615 723
853 298
122 292
407 895
671 722
595 460
278 26
552 505
131 1
392 950
909 955
839 950
490 245
932 492
550 951
367 329
707 548
980 496
803 25
1 55
827 399
149 119
479 656
188 707
500 861
202 699
822 390
862 903
408 94
64 960
121 657
379 501
107 930
202 882
276 221
974 492
638 825
414 807
146 577
717 438
60 927
115 348
896 884
933 750
498 255
800 701
807 26
151 534
532 339
860 672
540 806
578 401
377 720
854 66
285 989
196 584
96 908
706 77
635 81
799 952
555 326
30 915
14 52
19 350
188 383
748 871
605 746
587 419
737 530
481 348
999 950
322 612
783 401
307 456
918 403
865 438
40 615
701 769
873 815
339 987
529 127
838 387
178 719
531 473
473 764
991 675
630 97
293 707
45 725
210 796
876 225
18 527
438 908
760 442
903 594
620 222
103 43
82 237
245 303
358 70
513 429
966 257
281 863
55 34
511 428
137 913
619 431
486 154
253 229
19 31
55 83
183 158
242 630
277 85
177 862
873 296
619 316
34 362
453 628
849 311
722 63
906 822
85 781
405 437
512 641
822 98
733 861
497 925
389 301
926 476
436 840
222 592
542 140
87 49
73 899
661 258
258 823
372 649
727 1
582 780
218 51
219 278
129 514
612 455
904 408
6 328
38 889
310 754
702 208
368 341
281 1000
618 579
91 961
8 395
248 784
952 19
891 102
855 899
470 359
717 926
683 786
613 733
961 404
134 718
598 99
724 836
804 998
71 33
950 812
114 322
98 129
117 355
668 21
879 637
506 170
948 261
145 982
1 864
387 15
580 924
469 407
39 933
443 804
186 880
87 953
350 277
281 182
597 892
943 393
767 428
714 56
417 403
871 450
908 72
729 870
819 351
145 908
456 407
847 117
560 541
244 222
63 698
814 102
653 284
289 643
289 617
121 510
68 147
395 69
960 669
70 449
435 957
275 539
516 699
611 767
45 253
11 53
547 71
585 408
586 931
258 582
43 484
975 759
816 164
194 584
674 350
162 42
534 306
241 685
389 257
730 729
141 908
769 483
627 83
739 653
4 225
945 738
271 914
972 829
613 61
872 505
194 157
566 365
777 138
656 889
753 315
440 244
260 423
855 746
542 277
468 706
674 885
843 790
290 906
60 532
795 939
619 751
678 932
626 493
293 871
354 168
675 358
503 457
881 185
331 344
170 726
868 385
752 170
662 539
847 533
227 360
304 699
587 248
101 26
537 931
790 447
478 315
743 501
54 634
516 347
24 953
442 392
760 387
445 711
728 929
948 686
110 957
456 292
454 339
112 390
738 768
465 682
691 61
287 113
666 10
465 315
139 134
712 708
31 124
665 349
301 230
233 176
529 899
949 522
129 29
423 343
834 700
281 330
887 562
825 481
667 650
742 194
907 411
50 648
380 903
18 650
474 460
246 888
574 513
666 302
920 77
828 878
884 409
824 425
898 668
260 357
617 150
412 168
368 692
578 283
709 652
925 486
195 729
512 181
380 331
522 882
321 147
356 63
4 896
646 467
317 455
134 519
321 12
801 282
627 536
701 289
919 494
35 763
535 702
647 844
601 102
99 752
109 967
771 348
645 443
294 731
192 61
264 410
386 917
756 568
745 828
895 162
560 711
667 189
390 580
838 70
314 866
520 905
957 716
634 299
546 665
842 284
951 402
438 195
116 473
249 760
968 330
36 314
257 51
921 84
79 324
945 110
823 69
182 119
76 605
681 965
3 721
776 943
341 591
768 975
821 560
989 543
918 517
777 919
393 926
210 929
86 765
747 725
198 987
179 579
423 46
462 560
929 173
379 210
324 561
474 194
556 900
647 351
411 735
998 561
454 531
347 481
948 995
422 509
869 300
356 369
570 907
476 878
942 887
35 953
731 692
706 880
554 391
495 832
491 149
134 739
928 48
752 276
236 253
977 991
632 926
887 446
681 563
839 59
207 445
724 265
317 205
874 666
455 707
373 86
235 93
308 935
438 530
186 770
321 596
932 220
32 79
455 993
131 823
26 3
373 644
248 143
339 56
927 347
784 987
602 894
507 815
59 201
361 289
750 837
223 815
241 843
165 557
541 359
698 851
589 415
277 84
135 26
268 324
480 319
29 676
655 656
2 636
760 998
600 655
569 305
683 329
704 876
797 449
73 787
242 138
461 492
190 186
53 226
75 374
811 442
481 947
548 875
604 642
19 268
611 358
117 753
613 732
246 415
925 596
985 29
749 12
30 194
381 904
38 676
682 455
463 906
895 951
52 755
147 545
23 434
338 544
47 56
255 507
986 736
326 1
719 490
520 148
339 168
193 476
857 885
514 430
870 321
240 849
204 756
944 607
321 560
328 835
988 392
364 498
760 471
390 812
373 332
945 379
747 51
876 341
898 83
22 877
300 793
379 880
50 816
414 273
16 224
589 669
976 750
376 190
709 4
27 985
585 14
658 706
552 321
500 577
10 277
449 787
654 814
387 889
696 454
764 619
841 445
962 507
992 358
224 720
906 954
87 103
932 618
684 251
669 329
137 328
858 258
164 919
147 163
919 769
189 548
523 268
337 881
695 415
360 174
308 150
950 717
219 373
475 751
169 584
210 660
364 733
937 435
955 790
47 920
85 213
69 816
859 434
476 854
807 946
869 757
319 532
855 934
288 168
143 282
661 729
857 6
804 539
951 852
327 158
900 502
8 134
710 485
288 374
986 597
421 422
153 568
852 894
155 198
225 49
391 831
433 280
516 88
594 725
723 907
49 712
165 663
123 571
352 263
903 516
26 200
615 830
624 211
578 314
255 191
862 365
349 422
685 460
107 380
594 996
827 135
644 567
650 948
135 188
482 760
763 873
909 917
34 433
309 633
440 904
258 265
45 924
883 269
446 867
814 861
112 835
361 351
903 89
484 215
13 859
897 128
205 571
646 773
519 9
868 701
975 635
389 356
634 827
489 264
471 424
684 223
6 503
704 992
394 285
823 548
424 984
726 221
342 46
916 361
336 147
781 661
918 31
472 883
133 146
400 839
947 711
151 978
298 354
47 813
89 31
697 344
296 351
43 570
309 584
153 17
368 113
728 241
925 553
804 654
126 316
38 322
446 276
818 990
126 411
39 876
922 832
10 774
49 756
156 520
308 883
771 125
520 827
813 746
524 867
97 345
800 283
13 482
729 488
163 461
827 818
40 384
390 724
718 378
89 28
729 532
229 332
476 51
356 580
923 628
429 387
414 361
381 988
21 201
64 548
376 246
480 555
755 818
370 492
261 619
641 453
537 20
209 715
822 55
271 823
916 184
348 394
298 883
831 303
962 394
29 993
746 373
802 842
157 93
910 517
750 620
94 680
275 14
42 271
6 354
433 954
440 378
820 720
570 793
592 945
593 392
227 150
105 566
531 942
273 866
237 49
94 458
818 689
43 888
800 925
469 46
397 257
255 733
915 444
543 844
322 320
897 393
373 819
156 991
625 234
496 418
5 750
411 139
222 219
830 922
944 805
173 397
763 469
436 795
236 307
683 756
942 419
726 586
303 751
429 993
581 306
672 754
103 50
538 231
818 183
676 41
629 215
792 842
266 494
638 159
323 781
767 974
333 156
704 464
334 143
997 885
871 924
766 178
718 49
7 236
419 708
484 239
380 968
290 416
467 985
544 899
211 926
66 917
608 282
402 825
898 722
646 92
595 516
511 828
384 707
739 625
137 13
29 231
303 504
450 92
217 895
402 987
389 239
798 837
341 166
490 800
825 233
204 461
242 87
119 17
985 499
270 13
346 703
501 337
781 447
801 449
711 194
18 941
176 735
526 109
451 949
412 341
434 189
808 79
93 408
437 774
395 554
69 415
913 41
1 663
810 741
425 855
382 189
490 375
735 895
684 771
13 287
270 264
596 70
25 270
126 141
399 881
440 894
149 858
227 778
391 237
694 462
182 274
239 487
422 781
443 226
561 443
505 541
993 816
960 212
358 322
395 468
788 357
171 301
686 380
727 857
884 856
662 485
497 959
410 810
864 801
630 948
242 973
993 643
777 942
530 654
696 730
695 404
58 64
196 363
815 723
651 850
56 232
80 30
777 136
621 369
180 73
898 984
702 981
731 334
238 818
264 51
580 763
458 329
795 858
563 294
281 921
882 720
442 709
170 724
74 619
66 901
415 522
827 730
248 821
338 517
9 547
228 964
325 793
202 84
495 681
705 363
463 143
193 447
726 515
876 148
879 791
864 68
685 442
592 185
691 217
641 572
112 440
889 208
818 236
468 469
162 648
14 985
236 537
349 470
666 8
171 986
717 953
325 570
141 490
862 652
900 873
741 581
98 969
372 152
945 64
49 139
949 520
842 472
537 398
759 191
64 584
64 999
693 388
822 40
551 283
591 485
389 355
64 790
37 871
964 233
842 781
256 184
609 526
439 649
996 218
815 774
121 555
543 279
102 589
432 601
986 464
642 740
627 478
432 138
65 985
816 831
657 765
394 493
983 445
307 900
954 677
403 409
385 742
406 968
940 400
581 890
32 381
730 76
161 351
327 462
648 855
960 985
338 933
636 118
450 823
320 224
808 669
78 823
118 352
320 471
947 882
469 250
790 652
583 959
964 835
198 347
113 305
726 231
139 651
726 845
244 538
71 376
273 193
610 234
611 159
84 5
433 315
696 511
143 908
131 200
274 557
828 132
282 32
193 179
288 625
418 544
952 728
990 368
688 63
373 146
837 227
231 84
572 549
452 775
292 168
573 297
426 870
231 933
394 128
455 797
512 483
337 466
379 827
361 468
589 676
182 218
954 291
239 287
405 105
200 335
232 583
675 71
362 822
594 141
732 649
909 666
371 941
607 978
284 675
105 138
824 472
882 370
22 199
422 273
911 593
229 204
686 662
670 930
346 23
256 307
555 169
994 907
886 468
161 394
735 416
717 149
424 151
363 585
345 198
74 524
517 142
481 518
511 184
462 537
429 139
948 749
455 14
96 911
8 97
249 403
854 176
434 263
161 581
592 367
520 412
153 725
939 466
887 440
620 277
53 576
434 880
442 765
297 150
787 354
407 73
26 919
69 442
468 365
83 370
139 516
364 377
871 330
799 505
835 944
585 933
698 652
37 318
17 165
961 634
211 7
267 297
468 414
469 835
914 592
569 507
980 219
7 299
634 333
562 222
763 675
180 877
112 607
274 834
885 380
662 902
779 291
429 486
432 86
750 826
525 652
379 692
327 506
987 309
119 999
137 624
907 84
727 335
659 727
470 456
32 972
704 576
890 923
444 971
581 774
6 575
837 684
752 904
264 732
63 212
544 748
105 358
107 784
937 699
811 158
579 394
673 209
490 13
328 594
251 29
617 364
158 410
588 347
574 770
497 478
981 772
53 273
517 226
165 380
593 260
208 806
392 45
894 213
816 376
598 102
326 357
401 50
113 360
566 587
199 894
537 859
62 434
544 157
586 264
344 179
398 912
663 156
590 727
216 316
192 103
763 496
675 626
805 844
457 214
205 944
129 49
6 675
248 173
11 763
879 976
581 166
908 474
492 54
326 963
516 535
991 823
23 993
814 980
709 2
633 280
727 481
339 421
287 845
769 198
720 628
992 393
340 975
375 516
437 225
664 859
690 979
765 13
499 689
487 779
310 768
189 689
463 946
926 78
893 169
694 954
815 722
632 93
929 107
910 841
147 18
354 466
834 936
137 40
164 887
881 451
310 733
539 645
756 901
884 233
248 960
119 71
450 976
948 87
53 373
645 17
60 535
61 842
905 188
501 387
817 920
910 399
571 901
938 956
80 460
209 744
598 130
85 53
358 752
922 584
528 975
913 123
571 867
199 866
936 292
972 418
957 82
691 58
896 978
933 473
148 775
402 598
519 784
387 509
575 916
689 557
13 812
75 958
97 218
652 262
447 922
253 983
361 972
326 781
916 73
960 247
157 785
987 558
399 852
611 189
918 48
461 699
577 626
304 250
305 151
894 211
400 685
61 196
827 246
546 594
968 416
107 668
564 882
822 446
575 613
917 90
594 57
25 850
855 290
965 430
6 325
115 471
194 986
34 115
932 904
256 185
185 5
725 899
765 386
753 506
220 537
189 582
560 422
838 829
927 516
894 585
146 379
555 221
472 885
933 552
826 600
366 273
548 941
296 434
792 471
795 904
958 452
136 27
634 402
193 94
928 23
736 992
271 439
11 615
408 955
282 924
246 453
467 408
959 587
193 376
417 716
198 235
348 540
274 667
260 986
210 541
943 797
785 45
877 447
435 340
643 155
829 188
463 98
598 507
18 551
828 116
260 760
840 602
213 568
913 786
54 756
129 291
917 698
496 580
867 599
444 508
317 618
70 354
219 932
810 829
25 99
135 162
261 830
638 353
675 505
470 727
666 156
712 465
323 787
509 36
92 204
590 887
495 241
334 177
747 424
451 119
664 746
936 521
295 318
637 409
30 57
698 15
883 9
422 647
802 33
967 665
436 999
555 283
858 248
482 745
203 901
223 462
423 184
467 888
194 248
433 952
330 512
995 270
854 471
982 24
271 245
754 155
402 4
132 173
445 162
808 703
599 257
660 704
901 255
407 362
57 539
494 704
819 139
236 15
917 794
80 547
395 512
276 758
869 894
853 345
526 433
236 301
473 613
701 917
776 468
232 1000
231 234
515 49
296 889
828 144
745 686
46 69
399 539
675 695
418 692
491 790
240 534
723 163
600 342
233 339
713 89
611 630
336 612
957 606
118 602
28 886
33 580
361 439
533 799
755 867
239 306
371 106
758 618
120 170
103 355
909 556
659 873
202 944
521 840
459 949
116 222
686 358
335 636
530 902
212 441
896 228
493 468
590 962
439 978
462 369
724 652
391 847
751 181
823 840
20 11
521 554
918 548
246 935
872 370
362 604
788 16
738 915
873 872
603 19
786 86
898 835
462 898
19 51
863 722
590 446
868 36
501 573
707 382
51 450
327 401
611 282
242 363
9 986
138 574
952 628
554 102
826 643
259 286
377 353
268 720
179 471
161 608
471 775
592 332
44 943
943 409
506 182
17 97
862 203
682 341
922 740
26 465
196 897
822 885
622 587
834 423
186 438
576 879
23 60
923 242
482 798
836 689
1000 991
508 770
202 385
476 288
224 329
810 576
335 111
31 870
404 564
282 392
25 983
790 96
338 99
653 280
641 752
415 229
932 465
92 406
757 356
542 182
244 73
372 134
564 1000
447 724
379 738
289 734
841 921
111 795
148 772
844 745
927 239
590 943
814 695
457 738
846 68
906 953
410 808
656 704
161 230
345 577
872 149
976 252
439 679
445 550
66 317
928 576
945 742
623 3
698 438
669 247
502 680
854 317
988 563
38 782
117 783
632 541
483 173
673 109
892 87
33 142
552 906
62 19
981 807
708 545
514 986
18 237
436 364
666 360
908 710
526 813
798 566
433 674
765 545
830 231
632 874
731 622
458 198
522 527
807 610
373 922
47 473
941 579
843 342
202 82
844 741
852 232
267 258
54 638
610 38
760 567
923 335
761 881
914 518
573 259
813 276
390 751
961 545
286 428
658 515
914 665
791 317
279 521
819 556
767 162
272 345
827 9
194 646
965 139
48 79
251 584
876 745
384 65
646 873
82 354
319 147
450 478
78 595
402 605
864 848
295 234
885 710
124 408
487 308
489 670
551 778
879 137
935 427
142 849
104 99
233 641
734 995
56 134
493 79
403 411
929 999
858 818
864 668
350 891
468 738
472 229
660 736
790 787
169 882
96 997
522 705
464 633
605 784
930 634
346 629
420 988
593 732
155 409
691 379
524 22
394 815
165 96
114 584
562 756
86 482
696 274
2 415
44 774
335 257
568 716
884 622
27 865
525 162
16 510
471 913
952 730
771 126
871 433
473 288
324 25
451 570
123 841
568 554
254 397
715 653
129 290
40 387
400 431
226 434
83 504
176 835
328 440
912 87
662 103
311 79
699 63
776 742
796 761
864 431
168 630
116 84
876 702
202 925
846 482
958 760
79 497
926 346
603 763
909 664
966 587
834 557
617 971
845 235
936 665
132 618
333 471
559 793
357 465
15 319
343 130
147 367
459 385
167 80
115 291
688 185
817 539
46 823
591 537
5 134
748 664
251 912
125 951
532 57
75 334
407 391
910 298
702 136
445 161
228 311
605 713
731 648
955 317
752 131
494 683
722 845
743 885
601 164
937 170
294 793
482 25
438 334
737 533
165 4
197 567
169 65
723 614
884 298
464 899
947 110
956 992
226 133
800 348
95 89
949 791
880 138
314 544
403 849
244 801
818 80
767 439
179 950
516 287
834 636
197 38
934 661
752 18
426 856
559 264
136 850
548 31
736 279
789 275
148 397
330 488
594 845
866 678
650 587
172 507
210 66
597 566
126 118
853 106
944 499
357 130
381 28
54 98
242 706
427 860
154 572
512 646
91 491
500 557
730 881
7 843
586 765
860 460
823 760
42 351
778 43
974 357
436 970
506 640
364 614
328 596
111 299
996 99
949 435
783 588
243 528
345 316
919 588
939 274
126 794
568 590
601 726
743 665
320 273
946 509
138 654
857 46
731 517
74 256
4 235
165 704
175 2
530 15
288 366
363 226
308 609
631 917
135 656
728 172
670 819
286 772
786 308
956 900
112 415
335 48
798 113
796 550
606 92
553 80
921 368
223 275
408 513
785 133
71 608
58 705
750 298
314 695
339 216
486 89
982 818
396 433
149 871
957 752
961 757
728 744
895 478
349 352
813 465
262 345
447 727
140 829
750 980
282 498
427 811
932 688
76 530
2 685
686 13
870 492
907 114
177 657
290 80
681 769
974 446
405 897
643 631
837 654
755 519
350 995
29 934
926 76
114 14
756 737
66 125
479 794
623 157
727 32
450 12
953 99
94 615
613 905
116 759
502 728
378 474
565 54
142 958
588 377
575 77
655 37
198 592
643 741
181 686
97 675
593 358
117 544
375 376
563 442
191 453
907 796
431 426
514 842
71 115
905 307
138 674
412 261
903 339
505 639
433 387
730 427
397 40
382 638
238 642
173 577
299 778
840 834
303 834
549 934
881 23
240 994
349 128
95 428
558 972
941 119
106 275
489 908
344 768
951 743
753 676
221 454
774 868
685 439
170 900
232 801
965 967
433 254
896 754
913 820
576 106
581 247
413 645
657 303
111 600
519 577
22 507
280 710
444 585
926 605
966 322
457 978
794 499
565 268
304 75
146 802
976 605
647 178
387 968
689 120
479 685
788 260
275 683
383 906
43 455
685 908
172 225
410 666
825 761
399 266
685 797
778 129
980 815
983 88
881 562
208 607
594 345
516 823
694 900
80 110
86 948
53 181
879 249
60 727
186 534
61 650
243 603
246 654
889 629
436 210
959 532
665 988
722 727
355 2
829 758
134 760
374 157
856 652
531 116
18 97
327 233
669 798
673 149
835 554
855 567
697 717
647 843
129 94
584 889
161 920
308 601
795 89
541 629
377 122
160 535
625 300
116 930
717 306
918 257
667 3
649 524
176 614
943 182
982 920
328 417
348 828
511 336
226 448
45 892
50 146
987 671
568 555
988 332
590 552
97 85
225 152
667 801
550 606
883 463
171 571
814 931
407 603
620 918
548 75
491 586
663 650
277 59
599 520
304 119
224 312
876 703
589 562
770 332
292 536
738 568
78 9
430 650
168 661
68 887
760 975
979 687
802 204
590 23
37 957
685 769
209 72
427 17
428 494
376 638
177 554
437 72
794 907
141 130
258 133
678 549
751 113
664 435
243 390
742 604
216 570
893 448
381 556
511 589
493 50
6 453
226 751
62 89
962 219
177 869
470 482
952 93
969 292
275 240
955 588
705 891
259 203
247 244
89 206
23 162
42 188
694 886
701 320
406 676
613 564
463 957
50 370
804 607
967 509
933 189
791 819
481 342
83 646
715 509
438 612
464 787
69 328
867 488
944 936
136 629
11 579
880 794
588 555
637 898
121 138
657 358
550 747
292 207
231 113
520 938
905 912
86 758
712 690
965 32
694 486
253 782
490 64
783 814
867 706
546 553
453 493
793 64
408 226
653 468
362 809
272 561
326 644
775 961
633 498
898 396
538 679
292 784
301 971
108 668
987 212
898 575
646 961
923 912
453 801
704 865
26 342
564 505
980 982
189 396
389 90
405 506
702 218
213 503
820 129
658 292
270 102
74 559
237 17
518 312
800 957
549 734
56 457
824 51
964 946
661 704
97 759
514 948
543 812
434 294
967 80
919 592
496 115
499 820
540 38
710 498
13 866
217 319
364 186
348 599
810 300
407 110
819 22
107 216
45 674
97 316
546 905
399 571
13 68
950 953
849 824
883 348
729 438
415 449
917 655
442 353
970 408
520 652
477 313
281 152
597 600
432 486
774 554
262 350
135 228
543 251
176 923
563 729
346 487
267 157
21 13
684 323
176 106
193 908
12 448
724 977
128 205
400 610
902 281
560 192
903 112
301 926
673 319
236 894
796 105
379 435
76 497
593 153
57 772
635 610
670 39
798 120
525 992
747 656
752 774
474 20
772 595
754 386
156 296
820 839
126 682
731 420
753 428
226 548
703 10
156 351
892 81
553 981
401 352
57 774
129 657
522 856
247 15
737 381
476 851
773 105
351 125
522 811
961 473
268 615
805 344
421 79
898 392
772 239
86 341
145 133
759 182
505 167
341 265
312 513
84 237
669 931
10 879
325 150
553 179
719 378
41 871
650 863
995 738
62 655
703 500
467 61
766 675
624 200
187 659
311 244
974 940
379 930
213 658
254 486
771 802
455 680
102 170
31 122
419 156
2 876
573 483
120 117
950 433
340 634
414 385
146 803
30 69
914 953
239 372
638 830
278 688
194 567
784 341
716 912
578 849
228 842
836 9
44 690
275 283
10 878
392 477
798 197
567 555
440 457
556 15
759 560
209 252
764 874
557 332
859 70
30 499
854 351
782 488
68 704
734 993
772 710
425 309
333 740
150 954
707 427
51 399
69 799
269 461
860 842
705 783
423 580
897 399
832 438
819 176
30 969
821 962
308 683
408 813
669 654
636 967
753 869
724 354
338 255
991 692
313 949
840 718
213 596
879 823
960 148
322 932
227 616
230 313
789 396
701 848
206 310
978 311
174 146
792 940
32 761
149 926
832 784
427 596
221 82
180 772
141 522
309 600
525 415
391 70
837 402
861 268
426 535
814 642
140 597
237 599
457 559
209 62
962 532
820 618
72 498
608 132
76 426
495 464
65 671
64 886
618 293
34 914
312 304
534 623
96 583
314 386
423 36
991 900
355 754
139 358
74 854
290 379
506 145
789 659
150 983
602 192
159 655
915 229
717 145
208 943
462 980
946 757
506 332
683 158
765 577
351 36
801 335
565 158
469 41
677 500
518 748
526 235
11 65
558 696
451 988
964 931
970 288
952 811
739 101
279 30
339 883
140 320
487 155
781 580
361 632
69 311
571 541
738 38
848 682
980 645
616 662
526 295
987 845
795 322
745 659
266 540
72 963
549 351
453 202
439 107
614 447
82 228
22 288
14 917
769 813
436 779
721 571
405 24
244 112
281 234
706 861
380 624
879 670
382 723
281 155
300 81
232 423
842 480
858 615
362 790
789 243
404 87
668 996
872 599
820 214
263 236
945 797
394 109
984 837
634 613
254 875
607 941
846 111
314 324
940 16
100 373
471 510
733 967
498 56
246 954
267 983
307 546
694 978
950 328
721 16
298 995
746 485
655 813
416 378
146 203
419 865
995 478
152 676
704 913
623 206
896 275
204 72
812 655
282 654
35 970
395 725
401 276
990 726
887 122
544 324
476 767
367 738
373 865
581 843
857 44
454 48
749 6
170 686
296 284
249 284
658 86
52 761
435 243
218 737
757 956
633 646
670 817
253 749
93 260
934 890
819 390
17 128
183 823
153 832
248 322
601 421
361 741
982 961
698 684
280 637
425 628
525 121
728 891
762 10
446 940
126 182
735 536
335 142
603 918
984 660
932 476
239 482
375 738
723 414
559 524
971 936
239 192
901 973
794 703
870 635
82 381
75 977
656 692
159 259
811 843
975 621
890 955
923 974
432 803
930 62
200 351
439 672
668 750
134 214
318 307
156 442
750 278
842 869
510 719
313 145
295 33
902 203
704 846
670 183
780 691
489 560
454 466
501 621
618 543
407 813
90 468
181 827
897 153
668 291
815 572
319 653
549 608
821 203
706 29
464 656
528 805
393 404
506 503
758 297
260 204
955 377
321 938
910 2
397 469
381 934
165 73
921 747
136 321
130 114
303 991
36 762
74 437
202 206
219 708
749 268
87 997
849 906
596 33
922 886
652 435
377 205
676 313
597 712
92 672
847 304
831 927
823 319
27 823
865 209
404 971
222 950
740 823
580 556
942 79
908 107
838 236
144 504
802 733
509 171
116 115
334 46
428 87
926 722
893 773
825 541
514 201
793 63
614 161
237 110
309 357
383 948
96 350
99 913
426 451
742 197
581 841
306 793
756 289
479 602
426 338
464 161
695 667
882 331
275 395
521 615
464 48
891 507
345 467
56 794
350 604
596 924
688 367
928 478
696 874
751 972
879 251
845 439
206 597
172 551
923 634
750 12
199 254
664 375
479 30
227 241
815 464
288 91
240 324
517 38
809 140
28 21
478 109
619 593
730 282
605 670
516 113
675 976
178 232
967 424
661 985
773 767
754 758
231 365
109 593
239 870
993 326
294 557
614 694
923 191
714 525
274 953
993 439
494 712
81 669
597 829
637 992
304 121
254 432
476 154
224 227
520 944
315 28
102 196
31 200
179 637
161 702
448 372
561 373
454 869
288 963
220 6
202 521
483 844
390 488
253 74
646 697
236 243
723 342
176 51
498 386
104 789
660 220
347 171
3 871
557 308
996 276
389 322
465 228
677 959
347 216
885 840
997 142
983 495
418 421
387 598
834 893
711 545
765 250
151 558
100 150
659 235
591 327
679 212
366 305
663 602
320 484
877 91
588 18
626 477
644 268
378 905
963 590
382 623
919 267
575 357
887 439
389 568
588 772
218 522
740 651
744 718
378 739
978 615
283 331
156 763
658 789
821 711
861 826
643 251
899 5
611 783
294 585
351 39
192 143
545 653
620 71
378 694
788 779
131 828
656 141
952 930
490 63
774 701
334 324
836 910
126 234
681 767
24 662
611 634
614 271
770 956
558 930
842 785
581 560
847 191
729 788
346 432
733 804
20 817
116 218
957 828
393 705
565 539
486 508
112 897
100 374
720 366
195 90
272 721
293 969
898 573
612 340
100 453
7 891
858 297
569 314
237 860
440 386
104 47
803 633
473 382
256 276
599 195
311 923
169 998
26 793
483 2
288 20
790 879
777 112
464 693
49 793
910 436
57 970
771 97
227 406
931 701
195 948
770 650
330 917
387 230
133 502
190 761
84 356
156 606
807 634
991 489
745 963
321 751
287 470
52 617
658 983
899 208
520 155
268 823
814 285
411 282
197 485
14 677
862 489
648 319
992 850
151 468
725 559
908 241
321 521
933 258
949 76
44 495
671 658
68 485
729 549
783 768
902 857
201 220
510 24
40 350
832 810
429 436
177 91
864 507
811 676
59 91
651 319
723 137
295 412
906 835
48 167
637 379
874 95
876 641
607 883
775 39
153 300
707 885
428 146
31 311
592 563
537 214
375 944
927 777
310 773
369 383
100 505
247 378
105 325
768 61
364 675
733 603
718 203
694 814
34 753
561 603
47 560
878 42
436 249
807 986
111 441
976 478
544 754
564 253
735 372
576 643
995 219
565 213
218 416
807 824
499 869
471 807
682 418
941 796
357 807
439 906
890 193
598 246
467 368
568 325
771 360
94 49
593 918
27 1000
240 426
35 549
734 97
383 29
314 628
283 307
845 530
753 601
701 985
723 769
562 385
11 653
728 937
235 171
899 490
296 821
336 770
101 526
88 439
700 134
663 498
400 674
516 752
996 652
188 357
504 278
68 255
122 725
208 648
685 120
855 328
638 40
180 576
508 341
860 226
594 50
376 959
548 391
733 925
132 626
149 316
333 47
65 689
372 555
210 442
102 756
251 682
785 972
738 996
746 427
582 829
143 131
151 660
208 54
372 713
402 360
783 280
677 764
932 875
425 315
613 938
100 243
821 189
644 410
238 865
366 282
228 287
218 277
200 824
916 598
702 99
749 60
456 829
255 695
327 234
60 423
867 85
762 825
386 877
545 789
529 360
748 884
624 810
316 988
1000 908
451 768
433 317
676 463
680 778
18 657
311 308
593 771
206 950
486 826
490 329
435 456
643 47
681 480
316 349
796 983
303 577
931 872
474 965
573 291
847 388
888 331
500 17
984 734
549 266
92 427
202 679
221 201
864 786
796 757
713 49
440 939
295 471
668 275
589 559
534 400
724 518
618 1
727 417
858 560
42 581
928 686
360 17
393 902
68 768
346 110
932 937
955 536
816 834
142 698
146 713
368 633
20 338
660 506
480 855
446 108
547 579
575 49
833 434
463 747
583 746
17 717
878 482
221 933
151 926
941 856
673 410
857 165
711 326
286 593
694 560
791 622
494 602
800 3
564 36
801 318
655 399
126 845
142 246
473 221
117 662
248 731
264 892
610 793
727 859
477 878
478 217
508 900
273 167
97 827
47 413
639 279
624 52
986 647
477 48
795 702
561 950
784 836
876 218
932 196
573 214
810 760
602 340
358 236
325 509
292 202
629 47
810 651
280 658
960 852
135 253
706 859
28 883
233 231
605 71
73 334
555 702
871 24
701 596
741 647
478 823
304 354
709 185
310 28
78 104
147 433
275 740
121 361
932 94
962 630
120 397
51 781
368 903
630 931
132 586
647 405
100 454
976 222
656 838
907 296
168 497
294 482
398 127
191 126
103 802
329 909
497 71
146 926
189 393
708 955
216 537
107 289
720 89
294 204
890 601
375 19
910 266
971 296
665 921
540 771
759 393
208 683
317 7
212 291
249 653
32 153
42 237
550 255
312 761
153 699
9 703
283 8
949 714
537 861
95 295
746 904
779 808
619 937
36 855
103 309
165 949
467 181
286 667
417 856
14 682
531 508
222 841
460 838
173 379
728 974
1 394
878 788
992 835
754 862
278 990
727 805
433 39
291 65
590 615
594 922
921 250
382 691
542 650
465 726
292 312
215 486
914 705
408 338
392 887
449 890
486 191
182 132
537 443
484 340
999 375
181 468
751 565
606 559
96 180
704 563
820 424
392 597
965 436
860 142
733 952
590 35
993 555
871 526
480 294
937 776
413 851
167 903
940 133
482 22
533 498
863 543
789 856
422 339
663 883
502 685
232 65
566 378
351 344
816 665
881 453
906 486
304 852
570 587
40 562
826 561
938 23
367 659
706 27
191 449
284 165
291 707
256 654
333 944
173 667
744 873
504 526
198 374
661 850
407 30
725 15
191 679
113 501
948 482
476 483
717 667
791 884
799 665
567 749
507 739
127 138
610 176
4 489
575 914
724 440
874 621
526 370
477 563
240 885
611 838
761 181
135 918
290 426
600 245
672 706
875 77
912 209
348 971
116 351
297 515
549 277
55 204
93 953
154 815
908 500
414 373
876 448
110 676
864 408
889 827
572 824
976 593
349 753
405 207
372 278
914 967
590 908
573 706
413 197
710 613
694 126
517 735
884 280
403 813
978 543
418 326
312 279
229 254
192 168
802 923
113 797
989 724
773 263
218 101
794 802
7 979
357 264
964 352
243 607
511 130
91 243
773 315
91 915
458 434
55 884
792 430
425 331
555 608
53 339
539 532
77 621
104 405
269 347
716 132
700 513
296 327
539 389
443 552
333 852
887 429
467 414
200 530
105 781
35 738
252 612
398 816
576 910
78 984
409 217
140 351
990 89
114 980
631 857
873 810
246 249
322 649
512 870
821 737
127 174
629 296
503 789
361 530
527 563
72 603
848 387
871 468
885 79
103 6
840 576
774 727
690 510
107 336
344 574
280 806
542 706
559 736
429 28
396 708
556 426
663 646
797 944
634 530
785 764
73 290
662 346
439 855
906 792
256 125
718 221
646 846
668 818
65 739
300 398
389 249
15 661
166 156
717 475
730 873
811 422
708 162
730 870
214 319
589 225
864 312
884 483
479 969
55 525
46 824
731 360
609 924
848 436
321 340
56 167
725 643
570 912
169 775
419 932
504 439
105 719
270 57
13 627
208 811
4 109
208 704
728 439
393 466
195 986
749 31
621 337
165 190
867 44
812 859
620 268
772 249
421 405
961 160
796 909
572 350
900 325
61 223
335 480
83 379
943 225
141 103
514 451
314 557
577 353
45 715
515 55
408 601
980 201
429 61
965 923
179 554
823 365
496 614
729 819
465 745
176 868
563 848
785 446
475 304
497 728
462 46
227 871
746 925
323 868
430 968
589 577
182 185
590 810
662 247
723 422
738 617
496 836
794 311
742 417
488 820
231 676
72 51
146 870
127 535
789 240
702 819
980 653
395 305
15 632
238 371
989 457
566 125
988 775
76 457
71 4
890 789
410 833
105 367
205 188
578 694
445 909
597 161
677 802
935 110
369 435
498 793
123 140
929 49
548 781
112 16
740 21
449 404
855 804
749 225
740 484
522 819
672 140
928 230
160 80
14 111
679 331
791 653
188 156
186 812
510 496
616 313
454 161
930 829
740 730
632 963
654 46
584 806
456 965
643 315
2 465
406 311
778 842
502 300
505 120
507 710
370 902
666 244
597 913
636 701
121 695
668 887
69 296
308 908
135 941
395 768
583 307
964 408
418 611
75 536
222 985
620 611
120 895
12 15
23 13
469 864
194 890
455 845
168 277
461 656
799 248
556 483
684 680
467 914
392 888
873 353
853 955
453 461
185 935
202 591
900 780
25 206
619 274
968 26
439 927
962 552
245 988
626 994
730 572
949 990
627 172
20 70
834 622
262 15
263 354
30 123
349 255
592 986
668 745
336 386
561 895
526 763
163 551
621 728
507 88
345 357
825 51
459 221
812 735
996 12
337 761
263 657
765 729
677 599
255 959
475 535
649 462
356 306
648 818
540 864
652 874
138 732
172 354
861 700
645 171
558 644
260 207
133 327
527 139
615 66
87 640
94 164
611 26
575 703
62 454
145 747
748 161
730 436
160 804
991 463
995 776
390 820
602 618
435 321
952 597
572 262
684 840
46 165
123 562
35 436
92 675
735 859
6 759
689 951
391 299
28 615
121 83
719 247
131 886
157 746
598 688
625 758
790 6
295 604
337 494
634 652
467 261
783 919
573 511
879 975
120 232
603 661
556 756
545 181
50 702
569 662
661 110
992 283
464 164
814 580
138 45
582 672
967 690
713 599
570 40
973 29
266 329
206 320
12 853
678 562
152 567
493 184
5 172
261 50
636 424
48 641
416 165
218 241
241 176
631 359
216 466
214 109
694 699
551 102
848 247
196 446
526 864
748 592
473 86
442 911
977 550
62 128
321 26
283 940
985 51
786 196
420 986
866 374
601 195
340 145
16 866
553 352
383 221
98 95
725 34
670 765
631 188
878 512
19 557
813 575
814 488
249 74
654 145
126 384
967 314
808 193
311 310
684 812
791 8
460 824
178 457
876 240
958 505
260 743
14 530
474 963
618 770
213 690
292 807
478 802
733 432
906 551
429 506
380 616
344 686
883 323
131 624
745 358
988 30
106 424
453 389
862 995
546 480
276 113
9 410
707 847
564 716
909 739
203 604
898 596
793 314
964 309
413 89
125 879
716 662
509 752
665 752
67 287
946 911
949 40
271 988
163 767
384 752
167 223
833 519
355 839
449 286
912 914
790 983
812 679
502 773
873 935
752 544
501 467
583 885
485 682
126 992
342 813
181 737
477 586
153 636
714 631
951 870
255 341
312 735
409 490
354 102
769 819
397 26
917 803
829 503
541 419
66 965
821 595
916 825
562 357
502 368
13 91
307 322
697 974
130 473
853 723
348 797
815 918
420 174
227 904
980 202
922 79
594 423
828 373
119 864
743 106
504 481
893 857
501 5
183 147
955 122
685 45
153 420
853 791
250 828
917 42
478 964
906 829
822 769
508 159
241 572
320 909
59 554
300 371
11 224
358 697
811 889
378 861
177 585
439 371
399 254
774 30
116 618
800 613
854 296
603 104
583 953
364 604
593 82
815 695
172 603
711 518
747 969
878 13
385 806
932 797
384 563
118 305
265 297
469 201
349 7
588 49
470 5
40 999
937 383
296 369
369 877
857 48
454 166
593 542
961 18
728 259
679 837
460 610
100 713
639 420
571 716
505 488
93 177
349 39
698 584
658 903
370 382
5 892
282 403
176 690
896 667
37 427
637 534
783 946
300 162
428 111
853 954
432 106
713 207
537 441
228 972
619 277
604 103
932 702
58 15
483 534
634 954
873 386
211 615
124 284
911 54
437 233
516 972
60 85
868 643
998 314
825 848
402 643
942 823
318 311
636 278
52 327
401 569
458 698
172 936
360 152
413 434
787 381
608 430
21 573
795 646
126 707
268 830
237 95
165 386
332 437
544 757
39 318
332 260
464 660
339 608
929 830
914 42
511 870
30 982
606 369
630 192
312 663
561 447
136 325
624 618
106 735
89 299
640 719
827 725
592 446
922 707
249 699
149 509
290 968
127 180
771 506
149 562
921 521
840 727
378 890
110 985
224 364
975 235
525 8
358 219
675 743
143 849
33 827
934 727
974 157
703 887
465 304
16 198
422 806
918 187
44 236
907 182
980 480
233 189
710 697
15 925
970 477
188 563
797 603
64 577
768 847
693 571
941 879
21 413
392 627
38 389
765 184
158 30
417 128
242 919
461 247
100 265
372 566
315 378
971 694
298 788
821 408
398 331
261 49
483 353
217 781
218 254
127 554
425 312
171 204
427 358
639 939
270 176
534 785
848 232
612 17
32 485
398 20
455 29
131 507
350 781
647 931
361 179
283 212
88 828
251 344
74 755
365 304
666 927
528 553
406 658
498 659
418 154
717 556
648 13
260 819
959 627
550 404
681 203
776 130
244 980
5 914
265 829
269 797
127 57
165 732
343 57
222 775
720 1000
991 51
233 905
577 677
638 286
348 401
306 501
434 702
609 244
353 822
159 16
58 485
849 438
685 200
758 518
210 232
121 579
63 174
380 728
417 322
860 82
827 411
150 428
82 430
621 624
433 351
215 127
718 82
354 705
261 371
392 510
108 848
494 29
349 870
868 810
500 372
105 258
582 796
697 198
56 826
631 469
799 538
370 72
88 587
506 742
109 459
130 880
76 20
893 321
255 630
96 809
632 715
947 808
434 429
659 92
19 253
810 16
936 60
235 667
571 965
75 50
302 774
773 829
558 701
26 594
800 117
913 170
255 293
628 769
803 555
25 745
848 897
227 348
563 150
930 891
393 77
451 653
106 934
469 616
868 942
420 44
187 299
539 62
706 517
448 829
491 881
662 824
376 463
761 937
229 95
534 230
218 136
409 55
410 280
535 125
510 137
439 151
996 752
63 539
804 255
21 243
314 111
477 497
336 747
98 902
372 217
620 519
694 282
897 36
590 859
247 117
479 760
216 928
614 435
276 22
849 188
7 291
996 421
524 460
229 82
886 954
786 799
661 165
630 934
445 538
245 792
928 572
243 751
935 411
114 229
367 821
629 642
6 437
637 151
855 192
547 659
453 956
207 945
171 135
686 810
66 499
380 279
682 793
721 309
43 961
597 490
155 651
617 484
545 7
51 458
41 311
911 112
380 390
657 969
591 792
575 423
544 345
28 42
856 731
541 356
230 815
787 796
290 860
735 50
792 510
169 21
740 708
412 687
964 908
472 450
238 745
701 239
361 974
546 899
789 790
895 158
291 389
239 666
59 256
213 535
567 247
553 234
563 480
32 695
864 256
130 220
884 835
335 149
442 862
861 429
242 575
390 293
613 405
908 268
825 516
418 946
383 526
44 152
281 378
709 154
749 16
824 716
606 530
884 144
907 107
358 715
785 843
902 418
264 530
797 664
656 568
342 319
803 315
785 996
608 321
490 32
829 807
833 684
797 265
731 13
401 568
493 210
460 29
262 815
232 68
821 52
18 451
864 537
385 656
226 574
371 571
375 67
982 233
160 144
512 165
307 803
569 52
79 446
479 33
796 357
105 756
70 518
786 847
143 510
181 695
343 94
352 871
777 400
873 767
255 671
294 969
229 207
173 664
621 26
403 579
498 767
639 458
765 795
299 156
245 183
619 918
106 623
639 347
822 809
531 428
268 750
476 365
719 467
980 765
175 269
70 93
328 396
787 647
900 686
460 869
687 166
909 168
148 34
640 874
850 384
499 338
944 709
637 584
914 657
865 69
816 399
303 529
525 489
516 764
101 492
393 547
766 22
551 766
23 653
637 283
175 822
971 843
419 480
348 266
684 428
601 459
54 220
238 297
537 182
385 417
78 214
210 711
686 529
275 417
798 207
203 515
393 971
67 208
380 121
744 140
750 422
293 751
666 265
702 261
354 399
337 731
748 707
677 585
569 80
933 991
536 775
555 101
369 202
354 382
450 781
783 125
198 439
370 769
682 96
976 333
389 958
543 861
537 632
184 272
516 302
208 630
908 625
748 880
568 502
880 440
344 971
901 334
308 132
293 121
670 739
506 246
851 728
805 88
772 151
761 91
403 972
597 998
924 378
891 882
948 624
494 171
513 891
40 109
926 887
736 549
165 731
41 837
795 380
120 842
337 668
36 72
334 365
748 331
790 32
918 213
315 384
134 493
379 821
141 516
126 66
459 234
629 873
334 15
623 202
963 445
358 433
949 626
72 26
894 541
720 678
3 588
465 61
599 758
780 812
57 744
702 741
243 192
81 237
444 825
875 519
254 960
93 606
901 657
833 763
464 130
855 78
103 677
968 818
162 217
293 929
6 462
782 610
301 642
716 466
517 978
669 183
433 951
455 226
721 200
509 241
755 409
479 121
119 6
393 326
565 152
87 612
939 447
27 281
891 966
378 255
536 513
520 390
740 289
501 243
178 822
363 254
680 716
454 203
296 181
463 811
596 903
87 827
880 51
614 708
465 947
563 6
434 336
641 848
194 644
957 258
979 310
282 10
581 406
321 544
260 709
232 864
374 559
14 81
956 717
10 515
563 853
712 697
405 167
935 961
794 387
82 113
67 735
766 479
569 897
641 284
461 971
244 493
764 740
525 642
466 894
659 880
201 406
367 481
157 355
506 839
417 222
769 97
295 213
245 886
751 188
682 597
521 593
301 597
251 854
342 387
750 380
401 595
789 832
684 154
669 234
119 343
925 128
176 385
659 300
521 307
25 732
501 659
178 662
655 856
622 165
143 116
493 15
593 481
906 462
327 392
240 306
42 8
761 752
136 77
392 590
394 653
969 963
645 180
596 550
501 294
672 254
1000 667
583 1000
415 906
715 176
304 829
105 970
292 342
682 346
45 522
981 334
505 125
987 897
625 284
373 62
121 77
840 701
912 346
514 418
532 815
409 240
780 289
302 101
658 901
183 930
576 6
206 449
893 537
231 918
343 568
956 337
560 522
44 379
279 508
433 3
749 870
788 522
917 362
663 346
742 497
379 765
50 951
604 498
141 588
181 431
858 581
75 823
720 622
298 540
766 213
896 217
73 584
884 398
45 402
817 377
86 710
750 681
6 7
800 532
301 697
105 328
802 126
474 31
831 249
800 643
854 330
600 917
103 834
697 253
860 607
916 345
901 395
423 891
16 386
323 447
719 365
273 662
111 452
134 389
816 620
982 89
696 946
234 913
521 9
858 204
911 964
476 729
772 414
277 792
170 328
136 504
320 373
32 185
588 934
777 369
729 72
160 349
531 318
515 709
532 749
979 400
429 975
503 738
362 498
14 283
808 232
718 879
24 791
95 404
631 742
687 48
545 735
307 577
70 228
274 591
780 409
908 146
529 195
969 388
326 891
348 967
439 56
461 544
448 917
111 608
827 147
993 143
353 808
45 50
141 543
366 534
612 874
918 185
504 283
124 604
505 966
91 269
827 113
774 408
958 709
655 687
738 509
695 190
1 86
276 88
546 330
747 599
608 255
94 926
572 538
560 114
209 100
941 683
101 94
230 435
424 821
441 121
993 676
284 705
950 266
241 292
333 268
856 967
928 468
13 654
165 467
4 855
740 89
480 831
155 709
485 546
397 640
623 329
123 38
198 436
644 278
976 334
226 805
262 382
818 609
125 285
88 830
51 178
434 278
808 535
875 481
221 751
593 612
743 558
580 490
792 878
353 136
857 776
379 763
58 943
847 365
518 839
706 575
763 434
465 440
253 512
212 612
671 704
250 466
249 794
417 614
269 765
954 327
528 869
130 133
461 853
852 346
234 81
16 804
491 578
791 457
559 605
230 237
323 797
31 468
215 283
362 829
23 656
209 55
324 447
474 437
9 488
962 414
409 518
189 972
566 4
426 526
614 119
885 850
962 305
600 990
217 766
768 250
329 916
368 638
534 977
4 676
778 399
784 593
670 241
838 791
820 774
604 621
422 494
744 120
601 913
930 437
384 529
207 765
67 471
240 358
402 141
994 339
223 103
830 213
122 150
93 572
288 236
703 446
653 725
106 642
88 905
53 702
749 428
731 929
837 706
98 126
207 384
725 195
504 953
27 56
804 726
622 693
680 860
274 757
683 595
175 313
445 380
563 9
965 869
554 972
889 443
732 739
175 452
658 926
246 129
734 205
476 197
821 606
645 676
926 995
728 870
568 975
932 80
456 361
560 105
493 359
115 940
408 460
83 202
638 312
965 40
235 263
435 713
438 184
721 572
477 350
280 774
23 982
889 774
971 650
124 533
767 877
127 642
845 979
93 878
224 995
461 970
355 666
563 626
15 299
326 764
789 252
607 773
2 932
922 415
817 195
637 450
267 238
750 547
237 564
293 866
989 453
404 461
203 690
822 239
60 962
479 920
742 790
356 85
189 740
34 945
487 873
228 111
364 607
792 204
632 523
959 96
428 744
33 248
56 71
351 496
389 211
143 711
108 747
240 307
166 15
294 80
929 791
89 50
146 91
60 501
631 78
762 779
895 981
238 636
222 385
77 943
523 808
728 262
356 719
909 335
752 188
757 901
126 240
430 445
35 527
731 826
830 930
28 591
853 259
287 365
235 52
154 50
762 207
466 256
586 17
182 460
454 353
499 376
615 926
266 571
339 227
474 902
419 90
650 901
813 439
524 942
27 590
799 228
451 394
144 290
935 996
205 647
478 645
486 176
123 171
953 573
185 939
453 602
37 795
977 336
225 555
157 326
485 73
1 267
324 457
612 548
137 746
264 176
896 73
163 602
717 413
955 470
137 379
856 893
788 62
937 668
976 182
406 841
613 47
104 113
181 915
898 829
683 49
413 288
859 272
308 10
402 51
526 860
8 454
446 440
820 109
514 976
56 466
476 811
415 208
242 389
597 381
230 894
105 651
967 159
736 991
942 555
748 782
754 443
522 565
464 949
589 672
66 921
123 744
855 667
160 88
398 635
573 519
791 992
604 643
867 326
121 104
396 104
605 454
970 69
496 708
775 556
875 780
687 160
323 629
774 748
331 658
405 391
170 796
762 338
175 621
241 957
68 223
758 910
28 769
340 531
179 663
897 832
491 601
257 33
707 569
907 171
488 993
180 991
327 856
516 653
884 71
388 748
634 618
31 384
346 370
842 607
736 54
720 587
917 111
470 787
916 169
495 452
944 146
979 705
676 553
271 855
698 481
76 269
521 616
833 654
483 277
160 976
52 294
682 957
845 479
315 768
851 690
856 968
893 307
215 811
919 681
811 96
388 183
971 881
635 868
764 64
394 608
967 861
180 49
130 794
268 677
403 274
544 276
742 207
783 127
622 973
894 854
459 987
795 901
43 664
660 265
28 108
854 160
451 920
255 701
381 978
256 879
647 813
463 928
514 614
532 531
226 4
725 46
653 769
730 404
416 724
365 591
757 893
31 514
32 932
731 971
188 63
652 334
377 242
231 251
625 436
516 301
207 114
562 95
600 214
137 279
238 681
785 324
145 677
609 152
790 183
701 872
25 511
95 352
373 279
114 576
624 379
936 839
956 282
483 996
945 15
965 196
180 780
162 275
788 707
21 220
617 663
500 829
229 345
727 462
162 386
271 612
474 656
556 310
258 657
411 881
567 86
879 352
607 945
578 909
305 387
836 85
413 164
703 833
569 694
56 991
935 355
760 839
120 486
287 556
973 61
946 907
360 68
911 379
133 126
437 448
648 513
20 463
481 929
997 361
891 250
708 988
180 21
697 421
436 191
661 578
138 191
938 89
282 549
501 479
998 781
982 390
161 736
685 433
428 954
571 966
184 302
955 299
188 270
93 391
455 288
536 690
222 53
448 18
146 292
177 154
217 347
454 88
184 524
738 79
792 843
832 136
778 802
273 298
520 885
280 195
892 827
396 48
490 407
643 69
537 534
31 772
681 343
790 83
885 223
333 830
779 718
619 111
605 208
736 289
976 752
757 405
37 409
211 369
68 174
486 149
89 845
219 778
515 361
607 759
663 673
881 774
680 439
438 475
430 687
437 145
665 438
618 510
416 404
237 964
661 162
185 217
277 91
902 84
225 744
506 551
582 748
252 7
162 251
275 456
116 630
9 148
372 664
324 539
916 327
207 946
778 416
673 94
32 322
146 438
919 721
742 704
48 988
34 515
186 838
936 786
191 427
622 901
824 115
356 633
782 117
450 738
531 183
273 91
207 502
462 2
948 276
735 76
627 847
792 824
795 107
355 432
469 408
236 501
790 418
166 456
140 770
351 964
376 272
89 749
790 285
793 751
334 265
943 881
442 374
317 566
525 113
174 161
69 53
269 691
733 462
572 972
990 455
224 162
545 834
335 150
706 774
785 413
864 498
497 767
975 422
780 144
653 414
435 853
572 786
132 313
271 977
297 852
742 70
207 559
533 169
196 253
146 982
992 372
243 186
9 470
337 65
23 311
533 166
638 785
468 953
24 181
831 362
172 789
894 437
949 251
643 928
274 846
494 216
426 152
299 410
891 324
565 907
454 570
769 670
116 761
914 784
817 682
674 789
289 369
53 200
223 687
354 345
651 559
66 69
621 813
735 381
795 952
526 824
378 194
179 399
256 644
350 164
832 419
204 1000
871 991
835 568
88 979
57 600
260 859
621 158
250 107
910 181
143 526
47 482
605 596
654 254
918 371
26 171
546 930
691 183
552 239
382 838
974 522
795 405
391 294
196 654
235 160
533 521
662 999
644 662
560 601
837 131
822 761
718 446
573 393
228 654
373 419
926 587
560 903
46 362
174 415
289 759
646 725
798 272
447 322
362 854
552 698
201 428
664 788
662 291
955 279
794 667
851 486
597 923
345 569
713 633
11 520
242 915
974 480
9 498
539 68
711 791
133 853
30 386
802 384
234 590
459 367
242 117
206 552
551 868
503 126
638 751
436 53
899 695
517 780
169 918
851 802
265 395
485 544
158 478
342 171
34 728
221 858
21 974
843 624
278 102
895 998
551 498
296 446
230 795
739 227
299 578
585 713
657 820
216 100
786 80
474 222
916 947
210 638
861 957
390 789
990 210
684 809
761 234
552 203
787 676
457 9
704 6
540 436
837 214
395 847
701 871
776 514
7 314
339 154
268 166
714 414
554 667
120 43
301 170
596 783
214 885
846 382
560 301
704 339
686 231
172 547
552 263
370 728
789 230
920 363
168 752
208 461
63 961
78 134
428 337
472 737
107 914
769 395
718 86
63 167
414 791
91 166
533 451
661 254
20 234
59 580
851 736
301 767
512 66
15 433
402 854
815 670
798 968
730 898
893 470
161 389
532 252
471 672
238 149
5 28
869 349
786 771
513 729
53 256
381 659
688 609
265 304
108 272
753 77
153 55
402 139
84 473
29 424
916 992
352 913
313 653
187 134
49 983
710 396
877 373
878 694
292 317
222 58
60 305
481 364
184 620
616 481
602 700
812 161
363 128
18 861
296 71
842 397
840 644
269 940
967 277
606 111
314 567
773 620
153 883
390 896
230 323
35 371
823 506
201 95
454 379
737 893
990 345
758 213
923 256
729 465
296 756
832 966
120 984
671 823
968 262
42 895
512 627
219 641
418 938
564 911
547 91
875 710
567 4
163 834
182 34
24 444
728 529
860 161
147 438
771 656
884 303
780 930
677 970
894 320
132 561
246 947
798 10
930 130
570 674
584 257
401 481
994 928
189 994
639 926
858 83
821 77
365 65
976 490
298 10
463 724
65 781
583 711
398 33
554 475
942 930
445 218
11 178
285 945
839 494
234 971
806 253
921 869
648 235
909 725
449 136
251 260
35 723
17 460
571 997
330 925
352 957
170 738
613 606
624 873
649 895
112 75
478 188
725 229
197 348
35 561
571 707
39 853
338 418
67 864
892 745
490 377
991 759
114 873
210 568
588 577
225 109
32 715
843 177
870 814
893 647
625 861
352 199
483 831
185 937
976 620
84 629
802 808
881 801
42 629
78 79
814 707
176 243
413 250
231 599
289 820
676 672
474 504
347 122
534 706
239 56
512 422
731 42
788 73
57 449
119 873
519 171
775 317
695 399
