949
575 887
741 240
12 218
651 528
407 73
125 543
323 12
236 99
85 77
3 10
191 295
376 382
456 240
472 858
139 36
518 843
451 83
187 888
385 791
919 86
14 84
430 327
123 372
117 23
571 318
54 428
82 36
690 606
161 502
565 557
284 866
463 291
152 156
60 503
1 7
14 11
156 314
43 77
83 506
200 134
917 501
795 705
407 514
343 319
420 78
234 60
53 346
581 539
34 375
726 120
28 408
68 48
821 911
918 700
13 30
711 364
146 568
867 837
135 844
725 705
239 580
48 364
495 123
132 235
684 946
190 547
144 660
299 207
24 101
325 133
191 66
57 399
150 360
656 650
15 104
188 158
246 39
306 32
179 18
86 85
238 202
920 271
158 694
221 232
770 94
140 804
896 374
282 491
269 436
185 147
531 158
236 484
39 32
80 29
676 170
78 709
213 174
244 603
92 697
120 146
76 201
256 11
189 6
595 327
130 431
18 393
655 40
35 704
390 409
66 59
310 331
107 287
947 664
329 377
173 148
56 29
645 14
270 171
405 276
2 442
201 802
793 68
809 575
424 297
555 193
717 689
181 102
739 105
785 223
49 639
642 15
175 78
695 368
134 75
897 127
286 28
742 296
51 143
720 163
285 212
854 795
407 856
1 245
371 278
1 373
64 320
226 38
685 659
678 764
28 70
61 288
712 142
779 939
41 413
18 29
615 561
595 730
598 51
515 628
384 235
715 941
65 441
12 25
355 589
130 145
263 102
806 768
612 323
722 587
423 100
199 317
185 327
781 572
505 309
284 130
855 837
210 175
13 356
545 780
539 715
419 211
94 222
377 728
412 631
20 172
33 500
129 76
860 343
759 341
727 349
748 929
517 218
635 851
55 144
480 5
180 145
44 224
119 131
672 589
54 130
537 718
117 221
931 204
532 762
583 185
415 54
219 563
422 364
280 12
864 582
680 448
261 535
184 383
329 259
574 699
288 385
5 13
752 924
466 585
698 524
167 79
681 155
255 289
87 42
249 153
541 879
606 828
129 490
37 10
689 59
504 428
430 902
291 731
108 277
470 910
46 488
9 301
72 140
204 576
7 11
20 259
19 28
377 883
79 63
14 300
386 132
247 421
12 67
928 845
91 350
214 319
233 729
244 202
259 341
525 95
263 352
577 222
945 647
31 5
17 10
254 124
569 913
831 934
848 607
275 64
7 51
268 330
191 524
542 523
121 196
363 74
796 914
2 12
318 234
64 48
597 948
617 669
5 4
654 316
96 670
258 164
836 191
265 379
776 439
590 121
492 289
46 81
62 719
294 38
176 427
5 32
10 328
608 624
133 338
487 244
105 508
337 290
21 19
459 857
614 415
908 810
664 478
149 36
494 297
557 448
298 443
51 274
345 26
354 529
288 569
439 507
246 316
88 65
473 438
168 108
138 97
44 73
12 127
290 62
667 707
661 337
370 85
252 238
673 192
11 16
44 523
429 120
380 104
936 849
512 97
352 412
687 562
198 137
207 217
796 239
8 52
99 1
604 346
125 160
161 111
572 107
418 56
769 590
408 416
808 242
842 733
250 497
105 113
219 940
205 49
115 93
782 435
606 582
868 175
339 458
307 814
659 398
132 58
744 820
290 479
152 688
451 499
653 63
119 133
62 59
115 657
546 445
445 448
348 28
569 648
107 29
354 829
359 766
831 194
172 374
413 665
177 95
332 738
271 189
83 100
224 230
336 272
289 775
52 54
231 164
488 632
251 4
195 170
767 774
903 442
162 123
745 894
155 308
816 638
279 110
696 126
745 703
388 147
460 422
53 9
550 432
240 122
526 489
367 93
27 2
178 878
123 652
880 530
176 1
267 273
524 846
510 348
129 389
538 126
778 78
366 238
587 55
912 882
157 255
158 72
171 190
784 17
216 560
538 779
406 340
452 188
410 102
885 234
359 537
723 453
216 794
168 242
530 166
74 59
813 316
4 3
870 780
310 395
28 797
22 17
469 70
308 635
89 135
518 434
506 682
197 143
179 344
26 626
219 104
83 32
185 365
66 204
516 111
80 362
64 474
760 937
25 36
143 152
847 76
46 311
180 194
89 248
402 180
147 93
576 786
231 548
318 349
205 803
102 376
835 774
875 111
744 194
8 15
53 534
545 315
760 163
462 570
328 554
333 204
159 52
891 846
290 792
748 197
821 744
112 705
112 519
131 148
34 90
351 562
444 338
9 6
185 304
110 269
765 526
706 700
394 693
740 598
63 302
200 446
553 15
283 138
1 8
282 521
233 41
169 184
697 859
399 584
915 460
700 195
850 730
75 227
230 315
588 57
39 208
2 220
134 439
511 198
27 702
709 861
827 725
5 69
136 141
210 805
30 137
927 199
16 281
335 143
433 840
43 182
873 64
116 241
810 225
69 540
168 608
735 71
288 862
509 160
74 207
310 100
8 98
192 751
454 364
457 66
392 330
440 365
116 60
20 8
44 361
137 750
522 367
80 599
768 926
772 384
683 482
379 459
837 769
472 146
2 1
203 201
335 396
579 262
101 125
261 32
103 27
515 478
43 334
817 519
601 617
14 293
618 540
171 82
322 658
935 166
121 60
575 54
255 893
538 630
737 450
5 164
13 489
120 92
822 233
192 532
154 437
909 432
462 97
150 124
165 137
383 904
28 834
34 128
845 949
539 68
475 261
315 322
250 50
1 342
17 262
426 81
93 41
189 713
640 108
592 382
244 282
708 135
752 91
249 339
340 330
536 99
186 291
660 823
944 906
91 471
799 740
219 833
496 311
98 610
782 783
724 38
193 265
31 869
580 906
55 3
561 527
322 432
20 26
301 747
20 57
29 108
89 26
176 465
151 120
733 325
25 414
18 1
863 262
521 871
222 307
567 334
390 156
754 47
60 3
758 557
404 35
575 621
620 104
811 411
602 83
137 586
637 268
470 236
149 186
8 106
838 90
943 823
252 272
21 34
92 616
643 839
297 313
142 54
150 721
181 357
576 593
321 105
70 102
584 613
638 371
205 761
229 102
818 211
10 19
26 50
248 417
223 296
438 272
239 425
76 46
40 445
42 872
92 214
163 21
33 4
201 355
389 666
286 907
635 668
228 3
710 443
833 933
334 622
140 267
636 355
853 662
28 895
153 27
169 89
922 235
202 169
435 3
901 365
11 225
567 674
596 89
601 448
394 189
378 401
513 37
890 842
57 573
248 556
46 253
815 452
237 498
42 643
320 627
736 645
72 2
470 485
75 40
128 701
16 63
313 455
147 647
200 905
303 210
187 849
267 449
243 69
161 549
397 313
253 464
91 9
655 882
122 527
100 174
746 417
596 925
118 115
874 383
845 130
134 819
193 132
3 1
204 609
257 57
477 224
254 789
52 347
42 16
571 898
365 453
334 486
365 478
434 398
187 157
270 312
143 501
773 460
8 166
172 266
34 264
81 124
33 71
97 41
123 1
39 46
629 17
17 48
8 40
481 756
351 167
577 600
78 119
520 582
211 195
278 273
365 391
865 675
575 892
605 70
798 511
692 190
516 801
387 275
484 566
763 626
288 881
130 260
552 197
231 305
564 188
39 237
732 557
30 591
703 624
411 257
88 109
622 644
467 466
37 206
278 481
216 43
450 53
433 447
23 14
533 458
229 777
558 461
354 88
19 170
719 807
92 47
788 677
136 398
166 247
45 326
667 363
520 391
790 576
43 49
31 714
45 662
734 402
26 41
292 276
646 677
426 832
884 509
825 740
31 136
702 800
223 149
12 59
767 142
107 468
21 43
433 57
749 130
239 50
649 419
95 461
611 78
157 58
192 67
265 641
189 482
43 105
30 94
199 170
841 457
126 59
297 369
58 476
85 541
169 368
400 288
650 200
45 26
623 319
